-237.479 5.534 -0.000 -0.498 -0.498 0.502 0.502 50.000 0.000 0.000000 0 0.000
-237.479 5.534 70.931 0.502 0.497 -0.501 -0.500 50.000 0.000 1.418617 0 0.000
-237.466 6.130 102.289 0.505 0.496 -0.491 -0.507 50.000 0.000 2.045899 0 0.000
-193.306 2.103 599.096 0.519 0.488 -0.476 -0.515 50.000 0.000 12.021538 0 0.000
-191.869 1.994 614.798 0.529 0.481 -0.474 -0.515 50.000 0.000 12.336893 0 0.000
-189.823 2.409 637.307 0.532 0.477 -0.476 -0.513 50.000 0.000 12.789006 0 0.000
-187.049 3.000 667.932 0.549 0.458 -0.491 -0.498 50.000 0.000 13.404128 0 0.000
-185.766 6.281 681.994 0.546 0.455 -0.481 -0.513 50.000 0.000 13.694055 0 0.000
-182.616 5.247 705.720 0.560 0.436 -0.469 -0.525 50.000 0.000 14.173191 0 0.000
-176.110 9.848 734.323 0.598 0.393 -0.465 -0.521 50.000 0.000 14.767030 0 0.000
-168.314 13.166 756.934 0.610 0.373 -0.451 -0.535 50.000 0.000 15.249958 0 0.000
-157.125 18.045 785.119 0.601 0.375 -0.435 -0.556 50.000 0.000 15.864256 0 0.000
-145.107 19.541 815.691 0.586 0.388 -0.427 -0.568 50.000 0.000 16.521913 0 0.000
-139.152 20.658 831.692 0.587 0.393 -0.438 -0.556 50.000 0.000 16.864108 0 0.000
-133.618 22.021 847.988 0.603 0.384 -0.474 -0.514 50.000 0.000 17.209395 0 0.000
-127.157 28.338 873.020 0.578 0.411 -0.497 -0.500 50.000 0.000 17.741659 0 0.000
-125.092 29.004 889.718 0.523 0.466 -0.497 -0.511 50.000 0.000 18.078412 0 0.000
-124.830 30.076 914.028 0.512 0.478 -0.529 -0.480 50.000 0.000 18.565112 0 0.000
-125.787 32.318 929.267 0.517 0.466 -0.562 -0.446 50.000 0.000 18.873778 0 0.000
-127.107 35.109 943.564 0.463 0.527 -0.516 -0.491 50.000 0.000 19.166302 0 0.000
-128.838 31.172 959.370 0.423 0.568 -0.476 -0.522 50.000 0.000 19.493910 0 0.000
-130.781 28.529 977.457 -0.472 -0.519 0.530 0.477 50.000 0.000 19.861555 0 0.000
-132.713 31.425 996.409 0.506 0.478 -0.565 -0.443 50.000 0.000 20.246940 0 0.000
-132.906 0.356 996.268 0.509 0.485 -0.561 -0.436 50.000 0.000 20.868344 0 0.000
-130.896 -2.509 977.231 0.475 0.526 -0.523 -0.474 50.000 0.000 21.255475 0 0.000
-129.005 0.406 959.119 0.424 0.576 -0.465 -0.521 50.000 0.000 21.624308 0 0.000
-127.356 4.722 943.272 0.463 0.538 -0.504 -0.492 50.000 0.000 21.954451 0 0.000
-125.971 2.351 929.025 0.517 0.479 -0.549 -0.449 50.000 0.000 22.244647 0 0.000
-125.025 0.626 913.788 0.510 0.492 -0.513 -0.484 50.000 0.000 22.551911 0 0.000
-125.297 0.470 889.488 0.521 0.481 -0.480 -0.516 50.000 0.000 23.037946 0 0.000
-127.426 0.448 872.769 0.576 0.428 -0.481 -0.504 50.000 0.000 23.375023 0 0.000
-133.796 -4.974 847.801 0.604 0.402 -0.456 -0.516 50.000 0.000 23.901668 0 0.000
-139.302 -5.816 831.529 0.589 0.412 -0.418 -0.555 50.000 0.000 24.245649 0 0.000
-145.208 -6.483 815.557 0.592 0.411 -0.406 -0.563 50.000 0.000 24.586486 0 0.000
-157.132 -7.284 785.033 0.610 0.403 -0.411 -0.545 50.000 0.000 25.242092 0 0.000
-167.806 -11.704 757.025 0.623 0.405 -0.424 -0.518 50.000 0.000 25.848023 0 0.000
-175.119 -14.728 734.554 0.614 0.429 -0.437 -0.498 50.000 0.000 26.324511 0 0.000
-181.002 -18.991 706.110 0.581 0.473 -0.436 -0.498 50.000 0.000 26.911658 0 0.000
-184.273 -17.750 682.330 0.570 0.490 -0.447 -0.484 50.000 0.000 27.392366 0 0.000
-185.171 -20.903 668.360 0.575 0.490 -0.459 -0.467 50.000 0.000 27.679353 0 0.000
-187.923 -21.429 637.715 0.559 0.507 -0.444 -0.483 50.000 0.000 28.294811 0 0.000
-189.926 -21.942 615.197 0.557 0.509 -0.443 -0.484 50.000 0.000 28.747073 0 0.000
-191.367 -21.975 599.479 0.549 0.516 -0.447 -0.483 50.000 0.000 29.062743 0 0.000
-235.603 -23.701 102.295 0.536 0.526 -0.459 -0.475 50.000 0.000 39.045776 0 0.000
-235.529 -24.290 70.922 0.533 0.528 -0.468 -0.467 50.000 0.000 39.673353 0 0.000
-235.529 -24.286 -0.000 0.530 0.530 -0.468 -0.468 50.000 0.000 41.091786 0 0.000
-229.991 -53.651 -0.000 0.557 0.557 -0.436 -0.436 50.000 0.000 41.689441 0 0.000
-229.989 -53.658 70.992 0.561 0.556 -0.434 -0.433 50.000 0.000 43.109273 0 0.000
-230.146 -53.088 102.414 0.565 0.554 -0.425 -0.439 50.000 0.000 43.737841 0 0.000
-186.337 -45.577 600.578 0.579 0.544 -0.412 -0.446 50.000 0.000 53.740703 0 0.000
-184.893 -45.398 616.335 0.587 0.538 -0.407 -0.448 50.000 0.000 54.057166 0 0.000
-182.918 -44.784 638.899 0.587 0.537 -0.406 -0.448 50.000 0.000 54.510347 0 0.000
-180.190 -44.330 669.610 0.600 0.523 -0.423 -0.434 50.000 0.000 55.127044 0 0.000
-179.616 -41.344 683.526 0.594 0.523 -0.411 -0.454 50.000 0.000 55.411936 0 0.000
-176.203 -42.773 707.409 0.601 0.507 -0.402 -0.470 50.000 0.000 55.895296 0 0.000
-171.096 -38.967 735.719 0.628 0.465 -0.408 -0.473 50.000 0.000 56.475654 0 0.000
-164.481 -36.334 758.055 0.632 0.440 -0.399 -0.498 50.000 0.000 56.944514 0 0.000
-154.814 -32.495 785.809 0.615 0.434 -0.390 -0.531 50.000 0.000 57.537310 0 0.000
-143.564 -32.449 816.155 0.592 0.437 -0.388 -0.555 50.000 0.000 58.184582 0 0.000
-137.988 -32.255 832.020 0.587 0.435 -0.403 -0.552 50.000 0.000 58.520924 0 0.000
-132.772 -31.947 848.188 0.600 0.422 -0.443 -0.515 50.000 0.000 58.860760 0 0.000
-126.914 -27.440 872.926 0.572 0.446 -0.468 -0.506 50.000 0.000 59.377123 0 0.000
-124.889 -28.063 889.596 0.515 0.497 -0.467 -0.519 50.000 0.000 59.713204 0 0.000
-124.641 -28.824 913.887 0.505 0.507 -0.501 -0.487 50.000 0.000 60.199305 0 0.000
-125.652 -27.616 929.088 0.514 0.493 -0.538 -0.451 50.000 0.000 60.504947 0 0.000
-127.053 -25.665 943.327 0.461 0.550 -0.492 -0.493 50.000 0.000 60.793758 0 0.000
-128.627 -30.359 959.226 0.425 0.585 -0.455 -0.520 50.000 0.000 61.126797 0 0.000
-130.450 -33.545 977.392 0.479 0.532 -0.516 -0.470 50.000 0.000 61.497447 0 0.000
-132.525 -30.711 996.546 0.514 0.490 -0.555 -0.432 50.000 0.000 61.886906 0 0.000
-131.571 -61.759 997.238 0.519 0.497 -0.550 -0.426 50.000 0.000 62.508313 0 0.000
-129.430 -64.562 977.949 0.482 0.539 -0.509 -0.467 50.000 0.000 62.900495 0 0.000
-127.673 -61.108 959.711 0.427 0.592 -0.445 -0.519 50.000 0.000 63.273393 0 0.000
-126.213 -56.040 943.721 0.461 0.561 -0.480 -0.493 50.000 0.000 63.610149 0 0.000
-124.754 -57.568 929.503 0.512 0.507 -0.525 -0.452 50.000 0.000 63.897628 0 0.000
-123.714 -58.259 914.304 0.501 0.523 -0.486 -0.489 50.000 0.000 64.202623 0 0.000
-123.806 -56.575 890.073 0.509 0.516 -0.452 -0.519 50.000 0.000 64.688421 0 0.000
-125.590 -55.295 873.506 0.564 0.469 -0.456 -0.504 50.000 0.000 65.022655 0 0.000
-130.628 -58.840 849.110 0.592 0.449 -0.433 -0.510 50.000 0.000 65.525896 0 0.000
-135.240 -58.563 833.153 0.580 0.463 -0.391 -0.544 50.000 0.000 65.858141 0 0.000
-140.240 -58.230 817.458 0.588 0.467 -0.374 -0.544 50.000 0.000 66.187656 0 0.000
-150.312 -57.371 787.397 0.614 0.468 -0.372 -0.515 50.000 0.000 66.821954 0 0.000
-158.550 -60.418 759.952 0.636 0.477 -0.377 -0.475 50.000 0.000 67.398273 0 0.000
-164.215 -62.495 737.767 0.637 0.502 -0.380 -0.444 50.000 0.000 67.858095 0 0.000
-168.394 -65.679 709.569 0.617 0.541 -0.367 -0.439 50.000 0.000 68.431755 0 0.000
-171.939 -64.077 685.543 0.614 0.553 -0.374 -0.422 50.000 0.000 68.918544 0 0.000
-172.171 -66.839 671.664 0.621 0.550 -0.388 -0.402 50.000 0.000 69.201601 0 0.000
-175.051 -67.289 640.799 0.610 0.562 -0.372 -0.417 50.000 0.000 69.821651 0 0.000
-176.997 -68.009 618.158 0.611 0.562 -0.374 -0.414 50.000 0.000 70.276369 0 0.000
-178.420 -68.334 602.346 0.605 0.567 -0.379 -0.411 50.000 0.000 70.593943 0 0.000
-220.911 -81.515 102.655 0.591 0.579 -0.391 -0.404 50.000 0.000 80.627308 0 0.000
-220.694 -82.062 71.145 0.587 0.582 -0.399 -0.397 50.000 0.000 81.257607 0 0.000
-220.698 -82.053 0.000 0.584 0.584 -0.398 -0.399 50.000 0.000 82.680511 0 0.000
-208.021 -109.112 -0.000 0.608 0.608 -0.361 -0.361 50.000 0.000 83.278149 0 0.000
-208.015 -109.124 71.375 0.611 0.607 -0.360 -0.358 50.000 0.000 84.705651 0 0.000
-208.307 -108.614 103.003 0.616 0.603 -0.352 -0.364 50.000 0.000 85.338325 0 0.000
-167.664 -89.829 604.773 0.630 0.591 -0.341 -0.370 50.000 0.000 95.413602 0 0.000
-166.266 -89.350 620.661 0.636 0.586 -0.335 -0.374 50.000 0.000 95.732728 0 0.000
-164.347 -88.515 643.410 0.635 0.588 -0.331 -0.378 50.000 0.000 96.189626 0 0.000
-161.353 -88.056 674.461 0.643 0.578 -0.346 -0.363 50.000 0.000 96.813588 0 0.000
-161.401 -85.547 688.340 0.631 0.583 -0.334 -0.386 50.000 0.000 97.095662 0 0.000
-157.831 -87.362 712.519 0.628 0.576 -0.333 -0.405 50.000 0.000 97.585832 0 0.000
-154.743 -85.021 740.616 0.640 0.543 -0.354 -0.413 50.000 0.000 98.153092 0 0.000
-150.289 -83.731 762.628 0.633 0.520 -0.358 -0.449 50.000 0.000 98.603011 0 0.000
-143.891 -81.771 789.697 0.608 0.508 -0.358 -0.494 50.000 0.000 99.160674 0 0.000
-135.416 -83.732 819.391 0.579 0.504 -0.362 -0.529 50.000 0.000 99.779515 0 0.000
-131.247 -84.680 834.844 0.570 0.496 -0.380 -0.533 50.000 0.000 100.100182 0 0.000
-127.451 -85.610 850.525 0.581 0.478 -0.425 -0.502 50.000 0.000 100.423395 0 0.000
-123.487 -83.090 874.494 0.554 0.494 -0.447 -0.500 50.000 0.000 100.911888 0 0.000
-122.076 -85.047 890.906 0.501 0.537 -0.440 -0.517 50.000 0.000 101.243666 0 0.000
-122.242 -87.665 915.040 0.495 0.540 -0.474 -0.489 50.000 0.000 101.729186 0 0.000
-123.344 -87.495 930.229 0.508 0.522 -0.513 -0.453 50.000 0.000 102.033784 0 0.000
-124.816 -86.388 944.464 0.459 0.571 -0.468 -0.493 50.000 0.000 102.320865 0 0.000
-126.183 -91.828 960.548 0.428 0.600 -0.435 -0.517 50.000 0.000 102.661534 0 0.000
-127.840 -95.546 978.899 0.486 0.546 -0.501 -0.463 50.000 0.000 103.037475 0 0.000
-130.027 -92.771 998.359 0.523 0.503 -0.545 -0.421 50.000 0.000 103.433051 0 0.000
-127.923 -123.732 999.887 0.530 0.508 -0.537 -0.415 50.000 0.000 104.054457 0 0.000
-125.694 -126.482 980.233 0.491 0.552 -0.493 -0.460 50.000 0.000 104.453862 0 0.000
-124.126 -122.502 961.757 0.431 0.607 -0.423 -0.516 50.000 0.000 104.833168 0 0.000
-122.887 -116.696 945.543 0.459 0.582 -0.455 -0.493 50.000 0.000 105.178495 0 0.000
-121.380 -117.381 931.291 0.506 0.537 -0.500 -0.453 50.000 0.000 105.465442 0 0.000
-120.185 -117.026 916.118 0.489 0.558 -0.460 -0.488 50.000 0.000 105.769932 0 0.000
-119.671 -113.456 892.110 0.492 0.559 -0.428 -0.513 50.000 0.000 106.255472 0 0.000
-120.597 -110.798 875.892 0.541 0.523 -0.437 -0.493 50.000 0.000 106.584684 0 0.000
-123.257 -112.209 852.425 0.567 0.512 -0.418 -0.492 50.000 0.000 107.057868 0 0.000
-126.195 -110.578 837.009 0.556 0.533 -0.371 -0.519 50.000 0.000 107.373444 0 0.000
-129.353 -108.924 821.844 0.567 0.543 -0.351 -0.511 50.000 0.000 107.684999 0 0.000
-135.841 -105.619 792.603 0.597 0.551 -0.344 -0.471 50.000 0.000 108.287675 0 0.000
-140.124 -106.195 765.940 0.625 0.565 -0.340 -0.418 50.000 0.000 108.827892 0 0.000
-143.092 -106.405 744.138 0.637 0.585 -0.329 -0.378 50.000 0.000 109.267975 0 0.000
-144.852 -107.580 716.161 0.634 0.610 -0.299 -0.368 50.000 0.000 109.829117 0 0.000
-148.281 -105.434 691.841 0.644 0.612 -0.297 -0.350 50.000 0.000 110.322200 0 0.000
-147.980 -107.658 677.937 0.659 0.602 -0.309 -0.328 50.000 0.000 110.603879 0 0.000
-151.133 -108.186 646.651 0.653 0.608 -0.294 -0.343 50.000 0.000 111.232855 0 0.000
-153.015 -109.141 623.770 0.656 0.606 -0.299 -0.337 50.000 0.000 111.692419 0 0.000
-154.360 -109.768 607.793 0.651 0.610 -0.306 -0.332 50.000 0.000 112.013332 0 0.000
-192.303 -133.854 103.462 0.637 0.623 -0.316 -0.327 50.000 0.000 122.139916 0 0.000
-191.959 -134.329 71.682 0.632 0.627 -0.323 -0.321 50.000 0.000 122.775634 0 0.000
-191.967 -134.317 0.000 0.629 0.629 -0.322 -0.323 50.000 0.000 124.209272 0 0.000
-172.951 -157.366 -0.000 0.649 0.649 -0.281 -0.281 50.000 0.000 124.806897 0 0.000
-172.940 -157.378 72.057 0.652 0.648 -0.280 -0.278 50.000 0.000 126.248041 0 0.000
-173.348 -156.956 104.018 0.657 0.642 -0.274 -0.283 50.000 0.000 126.887369 0 0.000
-138.670 -127.786 611.369 0.672 0.629 -0.265 -0.288 50.000 0.000 137.074786 0 0.000
-137.385 -127.002 627.452 0.676 0.625 -0.257 -0.295 50.000 0.000 137.397847 0 0.000
-135.523 -125.895 650.495 0.672 0.628 -0.251 -0.302 50.000 0.000 137.860743 0 0.000
-132.251 -125.294 682.041 0.672 0.628 -0.268 -0.288 50.000 0.000 138.495154 0 0.000
-132.885 -123.488 695.965 0.652 0.641 -0.259 -0.310 50.000 0.000 138.776251 0 0.000
-129.801 -126.184 720.399 0.634 0.647 -0.267 -0.328 50.000 0.000 139.271761 0 0.000
-129.641 -126.604 748.219 0.627 0.631 -0.306 -0.339 50.000 0.000 139.828232 0 0.000
-128.427 -127.822 769.765 0.609 0.615 -0.324 -0.382 50.000 0.000 140.260511 0 0.000
-126.469 -128.915 796.002 0.580 0.601 -0.332 -0.439 50.000 0.000 140.787166 0 0.000
-122.281 -133.808 824.722 0.549 0.588 -0.340 -0.487 50.000 0.000 141.375830 0 0.000
-120.150 -136.224 839.619 0.537 0.574 -0.362 -0.500 50.000 0.000 141.680656 0 0.000
-118.206 -138.625 854.736 0.549 0.549 -0.411 -0.477 50.000 0.000 141.989250 0 0.000
-116.954 -138.393 877.685 0.526 0.555 -0.427 -0.483 50.000 0.000 142.448935 0 0.000
-116.596 -141.782 893.683 0.480 0.584 -0.416 -0.505 50.000 0.000 142.776070 0 0.000
-117.560 -146.327 917.529 0.481 0.577 -0.448 -0.485 50.000 0.000 143.261960 0 0.000
-118.875 -147.212 932.683 0.501 0.553 -0.489 -0.452 50.000 0.000 143.566695 0 0.000
-120.412 -146.951 946.965 0.458 0.593 -0.443 -0.492 50.000 0.000 143.854043 0 0.000
-121.535 -153.121 963.316 0.433 0.615 -0.413 -0.514 50.000 0.000 144.204278 0 0.000
-122.978 -157.354 981.961 0.495 0.558 -0.485 -0.455 50.000 0.000 144.587757 0 0.000
-125.240 -154.625 1001.836 0.535 0.514 -0.530 -0.409 50.000 0.000 144.991525 0 0.000
-121.982 -185.433 1004.201 0.539 0.518 -0.526 -0.406 50.000 0.000 145.612931 0 0.000
-119.726 -188.151 984.059 0.498 0.564 -0.479 -0.453 50.000 0.000 146.021924 0 0.000
-118.392 -183.667 965.237 0.434 0.622 -0.404 -0.512 50.000 0.000 146.409805 0 0.000
-117.397 -177.139 948.728 0.456 0.604 -0.432 -0.490 50.000 0.000 146.765421 0 0.000
-115.806 -176.973 934.417 0.496 0.569 -0.477 -0.450 50.000 0.000 147.053419 0 0.000
-114.337 -175.549 919.289 0.473 0.599 -0.434 -0.478 50.000 0.000 147.358730 0 0.000
-112.855 -170.006 895.621 0.468 0.612 -0.403 -0.494 50.000 0.000 147.845812 0 0.000
-112.591 -165.857 879.853 0.508 0.589 -0.418 -0.469 50.000 0.000 148.171938 0 0.000
-112.425 -164.860 857.396 0.529 0.589 -0.403 -0.459 50.000 0.000 148.621548 0 0.000
-113.315 -161.632 842.583 0.519 0.621 -0.350 -0.473 50.000 0.000 148.925282 0 0.000
-114.317 -158.377 827.974 0.532 0.642 -0.323 -0.449 50.000 0.000 149.225299 0 0.000
-116.002 -151.668 799.808 0.566 0.665 -0.303 -0.381 50.000 0.000 149.805358 0 0.000
-114.830 -148.129 774.225 0.599 0.683 -0.283 -0.307 50.000 0.000 150.322405 0 0.000
-114.098 -145.037 752.949 0.622 0.689 -0.260 -0.267 50.000 0.000 150.752648 0 0.000
-112.792 -142.846 725.202 0.637 0.687 -0.221 -0.270 50.000 0.000 151.309944 0 0.000
-115.559 -139.552 700.618 0.658 0.671 -0.217 -0.264 50.000 0.000 151.809086 0 0.000
-114.557 -140.810 686.670 0.680 0.651 -0.228 -0.248 50.000 0.000 152.089893 0 0.000
-117.917 -141.488 654.843 0.685 0.645 -0.212 -0.264 50.000 0.000 152.730116 0 0.000
-119.731 -142.746 631.623 0.691 0.639 -0.220 -0.256 50.000 0.000 153.196615 0 0.000
-120.925 -143.673 615.426 0.687 0.643 -0.229 -0.249 50.000 0.000 153.521964 0 0.000
-151.581 -177.430 104.667 0.673 0.657 -0.237 -0.244 50.000 0.000 163.777760 0 0.000
-151.130 -177.806 72.498 0.667 0.663 -0.242 -0.240 50.000 0.000 164.421253 0 0.000
-151.142 -177.796 -0.000 0.665 0.664 -0.241 -0.242 50.000 0.000 165.871213 0 0.000
-126.985 -195.382 0.000 0.679 0.679 -0.197 -0.197 50.000 0.000 166.468828 0 0.000
-126.971 -195.390 72.995 0.682 0.678 -0.196 -0.194 50.000 0.000 167.928728 0 0.000
-127.474 -195.081 105.395 0.688 0.671 -0.192 -0.198 50.000 0.000 168.576836 0 0.000
-101.381 -157.150 619.904 0.702 0.657 -0.185 -0.202 50.000 0.000 178.908136 0 0.000
-100.286 -156.073 636.227 0.706 0.653 -0.175 -0.211 50.000 0.000 179.236040 0 0.000
-98.531 -154.649 659.641 0.699 0.660 -0.166 -0.220 50.000 0.000 179.706494 0 0.000
-95.160 -153.969 691.755 0.689 0.672 -0.181 -0.203 50.000 0.000 180.352445 0 0.000
-96.348 -153.114 705.789 0.667 0.693 -0.170 -0.215 50.000 0.000 180.634647 0 0.000
-93.335 -156.300 730.711 0.645 0.715 -0.170 -0.210 50.000 0.000 181.140745 0 0.000
-95.106 -159.506 758.753 0.624 0.730 -0.203 -0.191 50.000 0.000 181.706350 0 0.000
-96.777 -164.093 780.182 0.594 0.746 -0.221 -0.205 50.000 0.000 182.145912 0 0.000
-100.622 -170.865 805.447 0.559 0.754 -0.235 -0.252 50.000 0.000 182.674666 0 0.000
-102.853 -181.106 832.700 0.526 0.748 -0.253 -0.315 50.000 0.000 183.258648 0 0.000
-104.084 -186.015 846.622 0.511 0.725 -0.292 -0.358 50.000 0.000 183.554920 0 0.000
-105.096 -190.576 860.796 0.515 0.678 -0.365 -0.375 50.000 0.000 183.853388 0 0.000
-107.488 -193.160 882.409 0.495 0.648 -0.394 -0.423 50.000 0.000 184.291347 0 0.000
-108.438 -198.103 897.931 0.459 0.650 -0.385 -0.468 50.000 0.000 184.617708 0 0.000
-110.524 -204.677 921.396 0.465 0.626 -0.420 -0.465 50.000 0.000 185.106855 0 0.000
-112.186 -206.650 936.487 0.490 0.588 -0.466 -0.444 50.000 0.000 185.413060 0 0.000
-113.841 -207.246 950.831 0.454 0.616 -0.421 -0.487 50.000 0.000 185.702093 0 0.000
-114.720 -214.130 967.506 0.435 0.629 -0.395 -0.508 50.000 0.000 186.063316 0 0.000
-115.913 -218.854 986.544 0.501 0.569 -0.473 -0.449 50.000 0.000 186.456360 0 0.000
-118.174 -216.145 1006.963 0.542 0.523 -0.521 -0.402 50.000 0.000 186.870781 0 0.000
-113.814 -246.748 1010.105 0.552 0.525 -0.511 -0.400 50.000 0.000 187.492193 0 0.000
-111.851 -249.512 989.201 0.504 0.572 -0.467 -0.448 50.000 0.000 187.915723 0 0.000
-110.735 -244.538 969.980 0.434 0.639 -0.387 -0.503 50.000 0.000 188.313436 0 0.000
-109.755 -237.260 953.269 0.450 0.638 -0.409 -0.473 50.000 0.000 188.678520 0 0.000
-107.714 -236.168 939.075 0.483 0.626 -0.449 -0.416 50.000 0.000 188.966150 0 0.000
-105.384 -233.524 924.279 0.459 0.681 -0.393 -0.414 50.000 0.000 189.270334 0 0.000
-101.585 -225.528 901.581 0.452 0.726 -0.347 -0.384 50.000 0.000 189.757611 0 0.000
-98.898 -219.272 886.790 0.477 0.746 -0.347 -0.310 50.000 0.000 190.083265 0 0.000
-92.145 -213.376 866.890 0.488 0.781 -0.311 -0.235 50.000 0.000 190.519786 0 0.000
-88.768 -206.424 853.398 0.487 0.816 -0.232 -0.207 50.000 0.000 190.830773 0 0.000
-85.623 -199.153 839.861 0.506 0.820 -0.195 -0.182 50.000 0.000 191.144469 0 0.000
-81.190 -185.420 812.605 0.544 0.802 -0.189 -0.158 50.000 0.000 191.761270 0 0.000
-76.432 -176.743 786.913 0.585 0.776 -0.186 -0.147 50.000 0.000 192.311913 0 0.000
-74.552 -171.496 765.046 0.619 0.752 -0.172 -0.151 50.000 0.000 192.763228 0 0.000
-72.586 -167.519 736.596 0.645 0.732 -0.136 -0.172 50.000 0.000 193.339098 0 0.000
-75.647 -164.090 711.372 0.671 0.709 -0.130 -0.174 50.000 0.000 193.851895 0 0.000
-74.332 -164.536 697.225 0.695 0.687 -0.139 -0.163 50.000 0.000 194.136183 0 0.000
-77.732 -165.276 664.799 0.708 0.671 -0.126 -0.180 50.000 0.000 194.788438 0 0.000
-79.409 -166.872 641.181 0.716 0.663 -0.138 -0.171 50.000 0.000 195.263069 0 0.000
-80.377 -168.073 624.727 0.713 0.666 -0.148 -0.161 50.000 0.000 195.593585 0 0.000
-101.309 -209.507 106.193 0.698 0.681 -0.153 -0.158 50.000 0.000 206.005730 0 0.000
-100.774 -209.763 73.542 0.692 0.688 -0.157 -0.154 50.000 0.000 206.658863 0 0.000
-100.787 -209.757 0.000 0.690 0.689 -0.157 -0.157 50.000 0.000 208.129705 0 0.000
-73.011 -220.772 -0.000 0.699 0.698 -0.109 -0.110 50.000 0.000 208.727314 0 0.000
-72.999 -220.776 74.130 0.701 0.697 -0.110 -0.107 50.000 0.000 210.209905 0 0.000
-73.569 -220.598 107.047 0.708 0.690 -0.107 -0.110 50.000 0.000 210.868367 0 0.000
-58.229 -176.273 629.821 0.722 0.675 -0.103 -0.113 50.000 0.000 221.365837 0 0.000
-57.401 -174.948 646.411 0.725 0.671 -0.091 -0.124 50.000 0.000 221.699116 0 0.000
-55.817 -173.162 670.243 0.715 0.681 -0.080 -0.135 50.000 0.000 222.178127 0 0.000
-52.526 -172.718 702.961 0.695 0.702 -0.095 -0.119 50.000 0.000 222.835856 0 0.000
-53.988 -172.846 717.221 0.670 0.726 -0.088 -0.128 50.000 0.000 223.122563 0 0.000
-50.931 -176.679 742.745 0.642 0.751 -0.095 -0.123 50.000 0.000 223.642381 0 0.000
-53.256 -181.945 771.572 0.613 0.773 -0.133 -0.099 50.000 0.000 224.230288 0 0.000
-55.475 -188.212 793.850 0.577 0.797 -0.151 -0.094 50.000 0.000 224.695270 0 0.000
-60.564 -198.021 820.211 0.535 0.825 -0.153 -0.094 50.000 0.000 225.266942 0 0.000
-65.448 -213.253 848.269 0.493 0.852 -0.151 -0.089 50.000 0.000 225.912891 0 0.000
-69.303 -222.053 862.046 0.470 0.861 -0.180 -0.075 50.000 0.000 226.248804 0 0.000
-74.011 -231.243 875.475 0.463 0.848 -0.250 -0.066 50.000 0.000 226.587615 0 0.000
-85.006 -242.154 893.952 0.461 0.835 -0.278 -0.115 50.000 0.000 227.069829 0 0.000
-90.053 -250.657 907.809 0.459 0.824 -0.270 -0.195 50.000 0.000 227.410295 0 0.000
-96.964 -261.172 929.086 0.474 0.781 -0.319 -0.253 50.000 0.000 227.904677 0 0.000
-101.121 -265.043 942.953 0.499 0.720 -0.385 -0.289 50.000 0.000 228.204381 0 0.000
-104.415 -266.953 956.496 0.481 0.714 -0.346 -0.374 50.000 0.000 228.485738 0 0.000
-105.219 -274.527 973.460 0.476 0.704 -0.324 -0.416 50.000 0.000 228.857644 0 0.000
-106.397 -279.799 992.821 0.533 0.635 -0.417 -0.372 50.000 0.000 229.259649 0 0.000
-108.863 -277.208 1013.701 0.570 0.569 -0.480 -0.348 50.000 0.000 229.683338 0 0.000
-99.573 -305.468 1020.759 0.613 0.690 -0.360 -0.135 50.000 0.000 230.294805 0 0.000
-92.907 -305.585 1002.004 0.583 0.751 -0.273 -0.146 50.000 0.000 230.692881 0 0.000
-90.649 -299.463 982.901 0.541 0.800 -0.176 -0.189 50.000 0.000 231.096625 0 0.000
-89.686 -291.496 965.654 0.526 0.812 -0.208 -0.143 50.000 0.000 231.477069 0 0.000
-84.215 -287.163 953.126 0.514 0.814 -0.263 -0.058 50.000 0.000 231.763896 0 0.000
-78.260 -280.768 939.943 0.491 0.844 -0.213 -0.034 50.000 0.000 232.080207 0 0.000
-69.871 -267.276 918.822 0.471 0.863 -0.183 -0.011 50.000 0.000 232.608793 0 0.000
-64.224 -257.130 904.743 0.461 0.862 -0.210 0.028 50.000 0.000 232.973792 0 0.000
-52.375 -243.620 885.753 0.463 0.864 -0.196 0.039 50.000 0.000 233.496681 0 0.000
-47.642 -233.784 871.690 0.476 0.869 -0.133 0.008 50.000 0.000 233.852717 0 0.000
-43.786 -224.459 857.311 0.499 0.860 -0.109 -0.018 50.000 0.000 234.204048 0 0.000
-38.862 -208.335 828.224 0.535 0.836 -0.116 -0.034 50.000 0.000 234.876443 0 0.000
-33.547 -197.459 801.117 0.573 0.809 -0.120 -0.049 50.000 0.000 235.470188 0 0.000
-31.198 -190.518 778.338 0.605 0.787 -0.106 -0.063 50.000 0.000 235.948769 0 0.000
-28.641 -184.035 749.081 0.633 0.767 -0.065 -0.086 50.000 0.000 236.550270 0 0.000
-31.585 -179.316 723.278 0.662 0.743 -0.052 -0.087 50.000 0.000 237.078187 0 0.000
-29.991 -178.422 708.896 0.690 0.718 -0.054 -0.077 50.000 0.000 237.368142 0 0.000
-33.148 -178.306 675.882 0.717 0.690 -0.038 -0.093 50.000 0.000 238.031444 0 0.000
-34.606 -180.238 651.837 0.730 0.677 -0.053 -0.083 50.000 0.000 238.514766 0 0.000
-35.275 -181.648 635.109 0.727 0.680 -0.066 -0.072 50.000 0.000 238.850790 0 0.000
-44.645 -228.076 107.945 0.713 0.695 -0.068 -0.070 50.000 0.000 249.436536 0 0.000
-44.055 -228.194 74.749 0.706 0.702 -0.070 -0.067 50.000 0.000 250.100567 0 0.000
-44.064 -228.192 -0.000 0.704 0.703 -0.069 -0.070 50.000 0.000 251.595542 0 0.000
-14.420 -231.942 -0.000 0.707 0.707 -0.021 -0.021 50.000 0.000 252.193147 0 0.000
-14.414 -231.943 75.390 0.709 0.705 -0.022 -0.018 50.000 0.000 253.700938 0 0.000
-15.020 -231.911 108.871 0.716 0.697 -0.020 -0.021 50.000 0.000 254.370677 0 0.000
-11.861 -184.167 640.510 0.730 0.683 -0.020 -0.022 50.000 0.000 265.046439 0 0.000
-11.358 -182.654 657.379 0.731 0.681 -0.007 -0.036 50.000 0.000 265.385320 0 0.000
-10.049 -180.670 681.636 0.713 0.700 0.005 -0.048 50.000 0.000 265.872783 0 0.000
-7.034 -181.861 714.949 0.679 0.733 -0.012 -0.033 50.000 0.000 266.542185 0 0.000
-8.725 -183.707 729.465 0.650 0.759 -0.013 -0.039 50.000 0.000 266.836804 0 0.000
-5.809 -189.233 755.577 0.624 0.781 -0.025 -0.034 50.000 0.000 267.373785 0 0.000
-8.574 -197.221 785.283 0.598 0.799 -0.065 -0.009 50.000 0.000 267.991488 0 0.000
-11.065 -205.036 808.574 0.573 0.816 -0.082 0.004 50.000 0.000 268.485347 0 0.000
-16.322 -216.347 836.555 0.544 0.835 -0.078 0.018 50.000 0.000 269.098056 0 0.000
-20.827 -231.990 866.911 0.518 0.852 -0.064 0.045 50.000 0.000 269.786953 0 0.000
-24.435 -241.013 882.042 0.498 0.859 -0.079 0.090 50.000 0.000 270.146616 0 0.000
-28.933 -250.666 896.913 0.481 0.855 -0.131 0.143 50.000 0.000 270.512425 0 0.000
-40.706 -265.475 916.988 0.478 0.854 -0.134 0.155 50.000 0.000 271.064131 0 0.000
-46.076 -275.652 931.852 0.495 0.852 -0.093 0.141 50.000 0.000 271.440073 0 0.000
-54.212 -289.529 953.971 0.514 0.837 -0.104 0.153 50.000 0.000 271.987086 0 0.000
-60.382 -297.132 967.558 0.534 0.819 -0.127 0.165 50.000 0.000 272.322037 0 0.000
-66.381 -303.204 980.266 0.576 0.809 -0.039 0.111 50.000 0.000 272.628191 0 0.000
-66.764 -308.595 998.522 0.621 0.777 0.036 0.095 50.000 0.000 273.008987 0 0.000
-68.880 -311.926 1018.549 0.649 0.742 -0.021 0.167 50.000 0.000 273.417228 0 0.000
-77.064 -314.138 1037.567 0.671 0.706 -0.083 0.208 50.000 0.000 273.833662 0 0.000
-52.791 -306.091 1055.216 0.671 0.697 -0.047 0.249 50.000 0.000 274.455084 0 0.000
-44.337 -303.384 1035.521 0.652 0.725 0.023 0.218 50.000 0.000 274.887156 0 0.000
-42.008 -300.402 1014.795 0.639 0.743 0.100 0.173 50.000 0.000 275.308526 0 0.000
-41.389 -296.925 996.019 0.602 0.766 0.048 0.223 50.000 0.000 275.690630 0 0.000
-35.444 -291.006 982.733 0.555 0.782 -0.040 0.281 50.000 0.000 276.004885 0 0.000
-29.322 -284.146 968.553 0.544 0.798 -0.029 0.259 50.000 0.000 276.342892 0 0.000
-21.294 -272.543 945.470 0.532 0.814 -0.029 0.232 50.000 0.000 276.883955 0 0.000
-16.071 -264.085 929.856 0.514 0.823 -0.079 0.231 50.000 0.000 277.254163 0 0.000
-4.592 -250.933 908.527 0.516 0.828 -0.084 0.203 50.000 0.000 277.805407 0 0.000
-0.342 -242.718 892.811 0.532 0.834 -0.035 0.144 50.000 0.000 278.170119 0 0.000
3.007 -234.809 876.893 0.543 0.833 -0.018 0.104 50.000 0.000 278.531863 0 0.000
7.098 -220.432 845.226 0.557 0.826 -0.030 0.082 50.000 0.000 279.232216 0 0.000
12.264 -208.718 816.325 0.575 0.815 -0.035 0.069 50.000 0.000 279.864411 0 0.000
14.735 -200.372 792.451 0.595 0.802 -0.018 0.053 50.000 0.000 280.372633 0 0.000
17.465 -191.367 762.209 0.617 0.786 0.021 0.024 50.000 0.000 281.006078 0 0.000
14.465 -185.375 735.750 0.640 0.768 0.031 0.014 50.000 0.000 281.551973 0 0.000
16.143 -182.735 721.067 0.667 0.744 0.032 0.015 50.000 0.000 281.852220 0 0.000
13.162 -180.394 687.425 0.704 0.708 0.048 -0.002 50.000 0.000 282.529312 0 0.000
12.001 -182.156 662.955 0.728 0.684 0.035 0.008 50.000 0.000 283.020521 0 0.000
11.678 -183.741 645.949 0.729 0.683 0.019 0.021 50.000 0.000 283.362191 0 0.000
14.854 -231.975 109.812 0.716 0.698 0.019 0.021 50.000 0.000 294.128425 0 0.000
15.465 -231.942 76.042 0.709 0.705 0.018 0.022 50.000 0.000 294.803929 0 0.000
15.462 -231.942 -0.000 0.707 0.707 0.019 0.019 50.000 0.000 296.324769 0 0.000
45.106 -228.192 -0.000 0.704 0.704 0.068 0.068 50.000 0.000 296.922374 0 0.000
45.105 -228.192 76.696 0.706 0.702 0.066 0.071 50.000 0.000 298.456291 0 0.000
44.501 -228.313 110.752 0.713 0.694 0.067 0.070 50.000 0.000 299.137523 0 0.000
34.993 -180.410 651.343 0.726 0.681 0.066 0.070 50.000 0.000 309.993379 0 0.000
35.134 -178.794 668.485 0.723 0.684 0.081 0.055 50.000 0.000 310.337756 0 0.000
36.203 -177.521 693.179 0.695 0.712 0.093 0.047 50.000 0.000 310.832753 0 0.000
39.234 -180.580 727.171 0.656 0.747 0.078 0.067 50.000 0.000 311.518016 0 0.000
37.652 -183.842 742.042 0.632 0.768 0.079 0.071 50.000 0.000 311.824157 0 0.000
40.769 -189.755 768.860 0.611 0.784 0.070 0.086 50.000 0.000 312.376907 0 0.000
38.205 -199.364 799.681 0.590 0.798 0.033 0.118 50.000 0.000 313.024624 0 0.000
35.830 -207.912 824.169 0.576 0.806 0.016 0.134 50.000 0.000 313.545534 0 0.000
30.814 -219.718 854.022 0.566 0.812 0.019 0.144 50.000 0.000 314.195394 0 0.000
26.920 -232.948 886.925 0.560 0.812 0.027 0.159 50.000 0.000 314.908913 0 0.000
23.684 -240.095 903.565 0.553 0.811 0.006 0.191 50.000 0.000 315.276853 0 0.000
19.545 -247.431 920.058 0.539 0.805 -0.046 0.242 50.000 0.000 315.647233 0 0.000
8.301 -259.491 942.599 0.540 0.800 -0.048 0.257 50.000 0.000 316.205787 0 0.000
3.182 -266.730 958.932 0.558 0.793 -0.007 0.245 50.000 0.000 316.577484 0 0.000
-4.711 -276.826 982.979 0.565 0.782 -0.013 0.263 50.000 0.000 317.122452 0 0.000
-10.771 -283.023 997.754 0.570 0.772 -0.027 0.281 50.000 0.000 317.465051 0 0.000
-16.708 -288.437 1011.586 0.609 0.760 0.054 0.221 50.000 0.000 317.784971 0 0.000
-17.325 -291.794 1031.021 0.642 0.740 0.100 0.173 50.000 0.000 318.179625 0 0.000
-19.775 -294.918 1052.505 0.652 0.725 0.023 0.220 50.000 0.000 318.616581 0 0.000
-28.519 -298.041 1072.864 0.670 0.696 -0.045 0.255 50.000 0.000 319.064114 0 0.000
-4.244 -289.993 1090.511 0.672 0.692 -0.045 0.259 50.000 0.000 319.685537 0 0.000
4.854 -286.740 1069.534 0.652 0.725 0.023 0.222 50.000 0.000 320.147441 0 0.000
7.400 -283.355 1047.274 0.643 0.739 0.101 0.174 50.000 0.000 320.600631 0 0.000
7.977 -279.967 1027.155 0.614 0.756 0.061 0.220 50.000 0.000 321.008826 0 0.000
13.806 -274.646 1012.719 0.578 0.765 -0.012 0.283 50.000 0.000 321.337887 0 0.000
19.703 -268.674 997.293 0.576 0.772 0.008 0.270 50.000 0.000 321.689105 0 0.000
27.297 -259.221 972.203 0.571 0.778 0.020 0.261 50.000 0.000 322.246445 0 0.000
32.214 -252.480 955.112 0.553 0.784 -0.013 0.282 50.000 0.000 322.626821 0 0.000
43.094 -240.607 931.321 0.549 0.788 -0.006 0.277 50.000 0.000 323.201401 0 0.000
47.091 -233.607 914.057 0.563 0.790 0.049 0.236 50.000 0.000 323.582468 0 0.000
50.213 -226.799 896.712 0.569 0.791 0.072 0.213 50.000 0.000 323.960319 0 0.000
53.975 -214.252 862.629 0.569 0.793 0.069 0.206 50.000 0.000 324.690602 0 0.000
58.797 -202.320 831.828 0.573 0.791 0.069 0.202 50.000 0.000 325.358219 0 0.000
61.046 -193.656 806.731 0.585 0.785 0.087 0.186 50.000 0.000 325.891137 0 0.000
63.375 -183.715 775.325 0.605 0.772 0.124 0.152 50.000 0.000 326.551622 0 0.000
60.274 -178.409 748.193 0.623 0.760 0.131 0.134 50.000 0.000 327.108002 0 0.000
61.729 -174.820 733.128 0.647 0.741 0.128 0.124 50.000 0.000 327.419104 0 0.000
58.730 -171.784 698.813 0.686 0.708 0.137 0.097 50.000 0.000 328.110680 0 0.000
57.697 -172.565 673.887 0.717 0.680 0.120 0.098 50.000 0.000 328.609870 0 0.000
57.739 -174.193 656.614 0.721 0.677 0.103 0.111 50.000 0.000 328.956871 0 0.000
73.456 -220.959 111.677 0.708 0.689 0.105 0.110 50.000 0.000 339.900186 0 0.000
74.049 -220.773 77.341 0.700 0.697 0.106 0.111 50.000 0.000 340.587020 0 0.000
74.053 -220.772 -0.000 0.699 0.699 0.107 0.107 50.000 0.000 342.133835 0 0.000
101.829 -209.757 0.000 0.690 0.690 0.155 0.156 50.000 0.000 342.731444 0 0.000
101.822 -209.760 77.966 0.692 0.688 0.154 0.158 50.000 0.000 344.290771 0 0.000
101.258 -210.030 112.572 0.700 0.680 0.152 0.158 50.000 0.000 344.982994 0 0.000
79.584 -165.206 661.684 0.710 0.669 0.150 0.159 50.000 0.000 356.010288 0 0.000
79.388 -163.649 679.088 0.705 0.675 0.164 0.144 50.000 0.000 356.359786 0 0.000
80.359 -163.118 704.231 0.677 0.700 0.176 0.140 50.000 0.000 356.863123 0 0.000
83.229 -165.827 738.831 0.643 0.730 0.163 0.164 50.000 0.000 357.559605 0 0.000
81.823 -169.398 754.063 0.623 0.745 0.165 0.176 50.000 0.000 357.873772 0 0.000
84.728 -173.864 781.443 0.604 0.755 0.161 0.199 50.000 0.000 358.431650 0 0.000
82.459 -183.540 813.354 0.581 0.767 0.130 0.240 50.000 0.000 359.100116 0 0.000
80.320 -192.175 839.021 0.568 0.772 0.116 0.260 50.000 0.000 359.643413 0 0.000
75.818 -204.385 870.760 0.565 0.773 0.117 0.263 50.000 0.000 360.329474 0 0.000
72.352 -216.826 906.029 0.567 0.772 0.118 0.264 50.000 0.000 361.080651 0 0.000
69.477 -223.701 924.104 0.562 0.773 0.093 0.280 50.000 0.000 361.471674 0 0.000
65.772 -230.814 942.180 0.549 0.774 0.039 0.313 50.000 0.000 361.867170 0 0.000
55.516 -243.222 967.315 0.555 0.772 0.026 0.309 50.000 0.000 362.464136 0 0.000
50.948 -249.994 985.226 0.574 0.768 0.050 0.278 50.000 0.000 362.857855 0 0.000
43.856 -259.546 1011.459 0.578 0.766 0.033 0.280 50.000 0.000 363.433959 0 0.000
38.245 -265.737 1027.602 0.579 0.761 0.011 0.292 50.000 0.000 363.797503 0 0.000
32.615 -271.307 1042.696 0.614 0.751 0.077 0.231 50.000 0.000 364.138414 0 0.000
32.145 -275.003 1063.540 0.642 0.734 0.113 0.189 50.000 0.000 364.561887 0 0.000
29.535 -278.793 1086.597 0.652 0.718 0.036 0.239 50.000 0.000 365.032138 0 0.000
20.057 -281.973 1108.133 0.675 0.683 -0.031 0.277 50.000 0.000 365.506988 0 0.000
40.592 -266.468 1123.137 0.629 0.546 0.196 0.518 50.000 0.000 366.102711 0 0.000
50.381 -262.702 1101.053 0.630 0.590 0.225 0.453 50.000 0.000 366.591662 0 0.000
54.642 -261.256 1078.356 0.640 0.628 0.251 0.364 50.000 0.000 367.054458 0 0.000
56.113 -259.584 1057.534 0.605 0.681 0.189 0.368 50.000 0.000 367.473266 0 0.000
61.345 -253.356 1041.687 0.563 0.707 0.118 0.411 50.000 0.000 367.829515 0 0.000
66.552 -246.759 1024.789 0.567 0.711 0.133 0.393 50.000 0.000 368.206966 0 0.000
73.142 -237.152 997.463 0.567 0.720 0.140 0.376 50.000 0.000 368.801073 0 0.000
77.324 -230.325 978.752 0.544 0.731 0.110 0.396 50.000 0.000 369.208121 0 0.000
86.470 -216.757 952.109 0.539 0.735 0.117 0.395 50.000 0.000 369.833447 0 0.000
89.858 -209.606 933.270 0.555 0.734 0.160 0.357 50.000 0.000 370.242109 0 0.000
92.515 -202.815 914.532 0.562 0.737 0.175 0.332 50.000 0.000 370.644267 0 0.000
95.830 -190.797 878.225 0.562 0.745 0.163 0.320 50.000 0.000 371.412000 0 0.000
100.240 -178.854 845.691 0.568 0.749 0.153 0.306 50.000 0.000 372.110733 0 0.000
102.613 -170.876 819.598 0.584 0.746 0.160 0.279 50.000 0.000 372.658501 0 0.000
105.210 -162.169 787.319 0.606 0.736 0.191 0.235 50.000 0.000 373.329182 0 0.000
102.611 -158.637 759.731 0.619 0.729 0.199 0.215 50.000 0.000 373.887858 0 0.000
103.931 -155.051 744.328 0.632 0.718 0.202 0.208 50.000 0.000 374.205263 0 0.000
101.039 -152.280 709.418 0.662 0.693 0.217 0.186 50.000 0.000 374.908035 0 0.000
99.926 -152.203 684.021 0.688 0.670 0.206 0.188 50.000 0.000 375.416470 0 0.000
100.203 -153.559 666.478 0.697 0.662 0.190 0.200 50.000 0.000 375.768420 0 0.000
127.483 -195.717 113.423 0.689 0.670 0.192 0.199 50.000 0.000 386.875012 0 0.000
128.019 -195.387 78.563 0.681 0.678 0.193 0.198 50.000 0.000 387.572322 0 0.000
128.027 -195.382 0.000 0.680 0.680 0.194 0.194 50.000 0.000 389.143590 0 0.000
152.184 -177.796 -0.000 0.665 0.665 0.240 0.241 50.000 0.000 389.741205 0 0.000
152.176 -177.803 79.121 0.667 0.663 0.238 0.244 50.000 0.000 391.323636 0 0.000
151.691 -178.208 114.217 0.676 0.655 0.235 0.244 50.000 0.000 392.025655 0 0.000
119.253 -139.372 670.916 0.682 0.649 0.233 0.244 50.000 0.000 403.205541 0 0.000
118.952 -138.273 688.599 0.672 0.659 0.247 0.233 50.000 0.000 403.559940 0 0.000
120.046 -138.567 714.196 0.647 0.680 0.257 0.231 50.000 0.000 404.072374 0 0.000
122.873 -141.229 749.369 0.620 0.703 0.241 0.253 50.000 0.000 404.780112 0 0.000
121.744 -144.981 764.959 0.610 0.709 0.238 0.261 50.000 0.000 405.101601 0 0.000
124.086 -147.863 792.743 0.601 0.711 0.229 0.283 50.000 0.000 405.662233 0 0.000
121.324 -156.002 825.404 0.582 0.718 0.198 0.326 50.000 0.000 406.337691 0 0.000
118.456 -163.063 851.802 0.569 0.715 0.191 0.358 50.000 0.000 406.887203 0 0.000
113.404 -173.811 884.798 0.563 0.701 0.210 0.384 50.000 0.000 407.588572 0 0.000
109.160 -184.189 921.575 0.560 0.678 0.234 0.415 50.000 0.000 408.357542 0 0.000
106.138 -190.203 940.622 0.547 0.665 0.233 0.452 50.000 0.000 408.761554 0 0.000
102.449 -196.591 959.811 0.523 0.662 0.205 0.497 50.000 0.000 409.172707 0 0.000
94.038 -210.033 987.559 0.526 0.649 0.209 0.509 50.000 0.000 409.811904 0 0.000
89.431 -215.816 1006.494 0.552 0.618 0.246 0.504 50.000 0.000 410.218454 0 0.000
81.818 -223.623 1033.816 0.548 0.593 0.249 0.534 50.000 0.000 410.806814 0 0.000
76.106 -229.353 1050.758 0.536 0.576 0.246 0.566 50.000 0.000 411.182299 0 0.000
70.362 -234.865 1066.610 0.589 0.519 0.310 0.537 50.000 0.000 411.537065 0 0.000
64.610 -233.484 1085.020 0.631 0.433 0.357 0.535 50.000 0.000 411.923804 0 0.000
55.006 -232.674 1104.386 0.602 0.371 0.330 0.626 50.000 0.000 412.356454 0 0.000
40.836 -236.075 1122.947 0.578 0.283 0.302 0.704 50.000 0.000 412.828412 0 0.000
36.065 -205.578 1119.400 0.572 0.255 0.308 0.716 50.000 0.000 413.449826 0 0.000
50.676 -202.110 1101.544 0.582 0.282 0.366 0.669 50.000 0.000 413.916453 0 0.000
62.122 -203.002 1083.527 0.605 0.296 0.410 0.615 50.000 0.000 414.343724 0 0.000
70.980 -204.815 1067.132 0.551 0.358 0.389 0.646 50.000 0.000 414.718182 0 0.000
77.518 -199.776 1051.744 0.490 0.422 0.343 0.681 50.000 0.000 415.067423 0 0.000
84.366 -194.647 1035.430 0.512 0.444 0.339 0.653 50.000 0.000 415.435856 0 0.000
94.543 -188.200 1009.414 0.527 0.478 0.327 0.621 50.000 0.000 416.009261 0 0.000
100.945 -183.524 991.271 0.506 0.531 0.283 0.618 50.000 0.000 416.405255 0 0.000
110.748 -171.319 963.866 0.514 0.566 0.263 0.588 50.000 0.000 417.036468 0 0.000
116.173 -166.198 945.197 0.550 0.582 0.276 0.531 50.000 0.000 417.438559 0 0.000
120.854 -161.527 926.558 0.565 0.606 0.275 0.487 50.000 0.000 417.834106 0 0.000
127.777 -153.696 890.194 0.566 0.642 0.252 0.451 50.000 0.000 418.590833 0 0.000
134.063 -144.450 857.053 0.568 0.667 0.237 0.421 50.000 0.000 419.290348 0 0.000
137.546 -138.236 830.453 0.576 0.678 0.243 0.386 50.000 0.000 419.841104 0 0.000
140.636 -130.741 797.513 0.592 0.679 0.274 0.338 50.000 0.000 420.519549 0 0.000
138.836 -128.686 769.641 0.598 0.682 0.282 0.313 50.000 0.000 421.079672 0 0.000
139.813 -124.874 753.889 0.604 0.681 0.283 0.303 50.000 0.000 421.404398 0 0.000
137.205 -122.478 718.520 0.630 0.662 0.297 0.279 50.000 0.000 422.115316 0 0.000
136.161 -122.038 692.751 0.653 0.643 0.287 0.277 50.000 0.000 422.631194 0 0.000
136.426 -122.856 674.927 0.666 0.633 0.272 0.285 50.000 0.000 422.988077 0 0.000
173.544 -157.830 114.941 0.661 0.638 0.273 0.284 50.000 0.000 434.234145 0 0.000
173.985 -157.375 79.633 0.652 0.647 0.276 0.283 50.000 0.000 434.940419 0 0.000
173.993 -157.366 -0.000 0.650 0.650 0.278 0.278 50.000 0.000 436.533085 0 0.000
193.009 -134.317 -0.000 0.630 0.630 0.321 0.322 50.000 0.000 437.130710 0 0.000
193.003 -134.327 80.089 0.632 0.627 0.318 0.326 50.000 0.000 438.732482 0 0.000
192.631 -134.841 115.583 0.641 0.618 0.316 0.328 50.000 0.000 439.442490 0 0.000
151.486 -104.296 678.456 0.644 0.615 0.315 0.329 50.000 0.000 450.746490 0 0.000
151.177 -103.647 696.384 0.632 0.623 0.328 0.323 50.000 0.000 451.105347 0 0.000
151.988 -104.058 722.257 0.611 0.636 0.337 0.328 50.000 0.000 451.623130 0 0.000
154.003 -105.929 757.690 0.587 0.651 0.325 0.355 50.000 0.000 452.333912 0 0.000
153.095 -109.696 773.562 0.584 0.647 0.326 0.368 50.000 0.000 452.660683 0 0.000
154.052 -110.877 801.397 0.580 0.637 0.318 0.395 50.000 0.000 453.218221 0 0.000
150.399 -117.676 834.472 0.566 0.631 0.289 0.445 50.000 0.000 453.897491 0 0.000
146.099 -123.090 861.125 0.561 0.612 0.280 0.481 50.000 0.000 454.448182 0 0.000
138.469 -131.115 894.233 0.566 0.580 0.290 0.509 50.000 0.000 455.146403 0 0.000
128.932 -137.053 930.030 0.570 0.540 0.304 0.540 50.000 0.000 455.896779 0 0.000
122.770 -140.753 948.240 0.557 0.514 0.300 0.579 50.000 0.000 456.288307 0 0.000
115.733 -144.914 966.344 0.522 0.500 0.282 0.631 50.000 0.000 456.685607 0 0.000
103.624 -155.806 992.779 0.517 0.470 0.293 0.653 50.000 0.000 457.306600 0 0.000
95.480 -159.688 1010.045 0.543 0.423 0.326 0.648 50.000 0.000 457.696212 0 0.000
82.921 -165.238 1034.710 0.527 0.398 0.333 0.673 50.000 0.000 458.260804 0 0.000
74.788 -169.971 1050.216 0.503 0.385 0.335 0.698 50.000 0.000 458.623555 0 0.000
67.196 -174.747 1064.885 0.565 0.334 0.377 0.654 50.000 0.000 458.967435 0 0.000
57.609 -172.700 1080.706 0.618 0.284 0.397 0.616 50.000 0.000 459.339674 0 0.000
45.837 -171.618 1098.350 0.588 0.282 0.359 0.668 50.000 0.000 459.764428 0 0.000
31.729 -174.966 1116.325 0.571 0.264 0.313 0.711 50.000 0.000 460.226307 0 0.000
28.097 -144.217 1113.744 0.572 0.288 0.317 0.700 50.000 0.000 460.847710 0 0.000
41.793 -140.958 1095.705 0.594 0.289 0.353 0.662 50.000 0.000 461.305355 0 0.000
53.815 -142.259 1078.357 0.631 0.280 0.384 0.613 50.000 0.000 461.728274 0 0.000
63.918 -144.596 1062.957 0.582 0.320 0.362 0.654 50.000 0.000 462.099601 0 0.000
72.299 -140.137 1048.834 0.520 0.362 0.324 0.703 50.000 0.000 462.439942 0 0.000
81.317 -135.841 1033.897 0.544 0.366 0.326 0.681 50.000 0.000 462.799326 0 0.000
95.497 -131.153 1010.171 0.558 0.383 0.325 0.661 50.000 0.000 463.360033 0 0.000
104.859 -127.954 993.535 0.528 0.422 0.301 0.673 50.000 0.000 463.747146 0 0.000
118.413 -118.094 967.725 0.529 0.451 0.296 0.655 50.000 0.000 464.362656 0 0.000
126.566 -114.620 950.032 0.562 0.463 0.318 0.607 50.000 0.000 464.758407 0 0.000
133.852 -111.599 932.183 0.572 0.487 0.325 0.574 50.000 0.000 465.148702 0 0.000
145.481 -106.936 896.913 0.563 0.527 0.318 0.551 50.000 0.000 465.897286 0 0.000
154.401 -99.824 863.960 0.554 0.564 0.313 0.526 50.000 0.000 466.594721 0 0.000
159.611 -95.060 837.377 0.556 0.588 0.323 0.491 50.000 0.000 467.144810 0 0.000
164.059 -88.930 804.315 0.570 0.597 0.352 0.441 50.000 0.000 467.823169 0 0.000
164.143 -88.525 776.619 0.571 0.611 0.360 0.414 50.000 0.000 468.377164 0 0.000
165.145 -84.904 760.691 0.572 0.619 0.359 0.401 50.000 0.000 468.704454 0 0.000
163.988 -83.593 725.306 0.594 0.608 0.372 0.373 50.000 0.000 469.413023 0 0.000
163.647 -83.342 699.415 0.612 0.599 0.364 0.367 50.000 0.000 469.930909 0 0.000
164.132 -83.925 681.431 0.623 0.593 0.353 0.369 50.000 0.000 470.290909 0 0.000
208.743 -109.673 116.136 0.621 0.597 0.352 0.366 50.000 0.000 481.643655 0 0.000
209.058 -109.122 80.483 0.612 0.606 0.355 0.363 50.000 0.000 482.356818 0 0.000
209.063 -109.112 -0.000 0.610 0.610 0.357 0.358 50.000 0.000 483.966479 0 0.000
221.740 -82.053 0.000 0.585 0.585 0.397 0.398 50.000 0.000 484.564118 0 0.000
221.737 -82.061 80.807 0.587 0.581 0.394 0.403 50.000 0.000 486.180255 0 0.000
221.481 -82.640 116.585 0.597 0.572 0.391 0.406 50.000 0.000 486.895926 0 0.000
174.118 -62.052 683.796 0.599 0.568 0.391 0.408 50.000 0.000 498.287076 0 0.000
173.451 -61.545 701.814 0.590 0.572 0.397 0.408 50.000 0.000 498.647823 0 0.000
173.380 -61.725 727.709 0.576 0.579 0.402 0.413 50.000 0.000 499.165730 0 0.000
173.779 -62.647 763.034 0.557 0.589 0.388 0.439 50.000 0.000 499.872525 0 0.000
172.696 -66.135 779.002 0.560 0.579 0.387 0.449 50.000 0.000 500.200134 0 0.000
171.744 -65.982 806.574 0.562 0.565 0.376 0.473 50.000 0.000 500.751907 0 0.000
166.569 -71.560 839.590 0.550 0.555 0.344 0.520 50.000 0.000 501.429542 0 0.000
160.548 -75.805 866.081 0.552 0.531 0.331 0.551 50.000 0.000 501.979451 0 0.000
150.438 -82.162 898.833 0.566 0.493 0.331 0.571 50.000 0.000 502.676680 0 0.000
137.195 -85.828 933.675 0.580 0.453 0.333 0.590 50.000 0.000 503.425760 0 0.000
129.059 -88.286 951.243 0.573 0.430 0.322 0.619 50.000 0.000 503.816087 0 0.000
120.050 -91.160 968.607 0.541 0.422 0.299 0.663 50.000 0.000 504.211527 0 0.000
105.260 -100.066 993.855 0.543 0.396 0.300 0.677 50.000 0.000 504.823252 0 0.000
95.072 -102.620 1010.055 0.575 0.361 0.319 0.661 50.000 0.000 505.209382 0 0.000
79.767 -106.441 1033.116 0.562 0.350 0.318 0.679 50.000 0.000 505.768187 0 0.000
70.076 -110.276 1047.614 0.536 0.350 0.314 0.701 50.000 0.000 506.125298 0 0.000
61.152 -114.376 1061.351 0.597 0.313 0.352 0.650 50.000 0.000 506.463033 0 0.000
50.709 -111.708 1076.460 0.643 0.281 0.374 0.607 50.000 0.000 506.834226 0 0.000
38.557 -110.159 1093.618 0.601 0.298 0.346 0.656 50.000 0.000 507.255868 0 0.000
25.149 -113.359 1111.644 0.573 0.304 0.317 0.692 50.000 0.000 507.709720 0 0.000
22.873 -82.415 1110.025 0.574 0.313 0.316 0.687 50.000 0.000 508.331122 0 0.000
36.037 -79.264 1092.026 0.607 0.302 0.340 0.651 50.000 0.000 508.781530 0 0.000
48.307 -81.068 1075.025 0.654 0.280 0.365 0.601 50.000 0.000 509.202396 0 0.000
58.996 -84.089 1060.130 0.611 0.308 0.341 0.644 50.000 0.000 509.574018 0 0.000
68.378 -80.369 1046.713 0.551 0.339 0.306 0.698 50.000 0.000 509.909794 0 0.000
78.519 -77.023 1032.511 0.577 0.335 0.313 0.676 50.000 0.000 510.265170 0 0.000
94.657 -74.086 1009.944 0.590 0.343 0.316 0.658 50.000 0.000 510.823146 0 0.000
105.486 -72.174 994.084 0.558 0.376 0.299 0.677 50.000 0.000 511.209127 0 0.000
121.214 -64.196 969.265 0.553 0.400 0.301 0.666 50.000 0.000 511.818074 0 0.000
130.858 -61.884 952.144 0.582 0.407 0.327 0.624 50.000 0.000 512.213786 0 0.000
139.594 -59.932 934.772 0.586 0.428 0.340 0.599 50.000 0.000 512.604642 0 0.000
154.091 -57.128 900.270 0.567 0.465 0.344 0.586 50.000 0.000 513.355218 0 0.000
165.030 -51.378 867.648 0.548 0.501 0.349 0.572 50.000 0.000 514.052893 0 0.000
171.617 -47.530 841.217 0.542 0.525 0.366 0.546 50.000 0.000 514.603095 0 0.000
177.251 -42.365 808.214 0.550 0.534 0.400 0.502 50.000 0.000 515.280638 0 0.000
178.888 -42.922 780.748 0.545 0.549 0.414 0.480 50.000 0.000 515.831046 0 0.000
179.923 -39.520 764.722 0.538 0.560 0.416 0.473 50.000 0.000 516.159354 0 0.000
180.081 -38.827 729.443 0.554 0.550 0.433 0.451 50.000 0.000 516.865083 0 0.000
180.459 -38.635 703.548 0.564 0.545 0.430 0.447 50.000 0.000 517.383036 0 0.000
181.266 -39.036 685.509 0.573 0.541 0.426 0.446 50.000 0.000 517.744279 0 0.000
230.809 -54.246 116.929 0.571 0.546 0.425 0.442 50.000 0.000 529.163012 0 0.000
231.031 -53.657 81.059 0.562 0.556 0.429 0.438 50.000 0.000 529.880522 0 0.000
231.033 -53.651 0.000 0.560 0.560 0.431 0.431 50.000 0.000 531.501705 0 0.000
236.571 -24.286 0.000 0.531 0.530 0.467 0.468 50.000 0.000 532.099360 0 0.000
236.571 -24.289 81.231 0.533 0.527 0.463 0.473 50.000 0.000 533.723984 0 0.000
236.416 -24.889 117.158 0.543 0.516 0.459 0.478 50.000 0.000 534.442627 0 0.000
185.418 -15.256 686.531 0.544 0.511 0.459 0.482 50.000 0.000 545.877306 0 0.000
184.555 -14.991 704.590 0.536 0.516 0.462 0.483 50.000 0.000 546.238932 0 0.000
184.002 -15.253 730.486 0.529 0.521 0.462 0.484 50.000 0.000 546.756983 0 0.000
183.544 -15.829 765.745 0.515 0.532 0.444 0.504 50.000 0.000 547.462326 0 0.000
182.656 -19.157 781.837 0.527 0.520 0.441 0.507 50.000 0.000 547.791462 0 0.000
180.565 -18.307 809.229 0.536 0.506 0.425 0.526 50.000 0.000 548.341151 0 0.000
174.778 -23.147 842.264 0.531 0.499 0.388 0.565 50.000 0.000 549.018866 0 0.000
167.877 -26.679 868.673 0.542 0.476 0.368 0.586 50.000 0.000 549.569330 0 0.000
156.482 -31.920 901.239 0.567 0.441 0.358 0.597 50.000 0.000 550.267297 0 0.000
141.211 -33.964 935.541 0.589 0.405 0.350 0.606 50.000 0.000 551.019351 0 0.000
132.029 -35.437 952.764 0.590 0.386 0.333 0.626 50.000 0.000 551.410816 0 0.000
121.962 -37.212 969.723 0.564 0.382 0.306 0.665 50.000 0.000 551.806857 0 0.000
105.614 -44.281 994.262 0.571 0.361 0.300 0.674 50.000 0.000 552.413279 0 0.000
94.363 -45.550 1009.900 0.606 0.331 0.313 0.652 50.000 0.000 552.799401 0 0.000
77.650 -47.587 1032.128 0.594 0.328 0.307 0.668 50.000 0.000 553.357109 0 0.000
67.127 -50.434 1046.083 0.567 0.335 0.299 0.691 50.000 0.000 553.711283 0 0.000
57.439 -53.751 1059.285 0.624 0.306 0.333 0.637 50.000 0.000 554.045434 0 0.000
46.605 -50.364 1074.050 0.664 0.283 0.357 0.593 50.000 0.000 554.417906 0 0.000
34.288 -48.293 1090.966 0.614 0.310 0.332 0.645 50.000 0.000 554.838452 0 0.000
21.288 -51.405 1108.897 0.578 0.326 0.311 0.681 50.000 0.000 555.285766 0 0.000
20.375 -20.356 1108.248 0.581 0.336 0.306 0.676 50.000 0.000 555.907167 0 0.000
33.276 -17.276 1090.414 0.621 0.317 0.325 0.639 50.000 0.000 556.351675 0 0.000
45.591 -19.618 1073.525 0.674 0.287 0.350 0.584 50.000 0.000 556.772329 0 0.000
56.480 -23.381 1058.817 0.636 0.306 0.328 0.627 50.000 0.000 557.145992 0 0.000
66.372 -20.477 1045.756 0.580 0.332 0.295 0.683 50.000 0.000 557.478794 0 0.000
77.093 -18.140 1031.928 0.608 0.321 0.304 0.660 50.000 0.000 557.831843 0 0.000
94.172 -17.014 1009.912 0.620 0.321 0.312 0.645 50.000 0.000 558.389582 0 0.000
105.668 -16.388 994.401 0.583 0.349 0.302 0.668 50.000 0.000 558.775909 0 0.000
122.315 -10.218 969.994 0.573 0.369 0.313 0.662 50.000 0.000 559.379532 0 0.000
132.588 -8.965 953.110 0.595 0.371 0.342 0.625 50.000 0.000 559.775591 0 0.000
141.972 -7.947 935.951 0.591 0.388 0.361 0.608 50.000 0.000 560.167266 0 0.000
157.637 -6.612 901.751 0.564 0.421 0.374 0.604 50.000 0.000 560.920082 0 0.000
169.140 -1.833 869.171 0.533 0.454 0.389 0.599 50.000 0.000 561.617686 0 0.000
176.023 1.425 842.722 0.516 0.475 0.412 0.582 50.000 0.000 562.168162 0 0.000
181.623 5.972 809.601 0.517 0.480 0.452 0.546 50.000 0.000 562.846094 0 0.000
183.940 4.890 782.254 0.504 0.493 0.470 0.531 50.000 0.000 563.395426 0 0.000
184.565 8.135 766.082 0.489 0.505 0.474 0.531 50.000 0.000 563.725551 0 0.000
185.074 8.641 730.819 0.500 0.491 0.492 0.515 50.000 0.000 564.430967 0 0.000
185.626 9.003 704.911 0.505 0.486 0.492 0.516 50.000 0.000 564.949296 0 0.000
186.537 8.876 686.854 0.513 0.480 0.491 0.516 50.000 0.000 565.310889 0 0.000
238.420 4.933 117.274 0.512 0.486 0.491 0.511 50.000 0.000 576.749929 0 0.000
238.521 5.534 81.326 0.503 0.497 0.495 0.505 50.000 0.000 577.469005 0 0.000
238.521 5.534 0.000 0.502 0.502 0.498 0.498 50.000 0.000 579.095516 0 0.000
236.571 35.354 0.000 0.468 0.468 0.530 0.530 50.000 0.000 579.693192 0 0.000
236.571 35.358 81.335 0.470 0.465 0.525 0.536 50.000 0.000 581.319887 0 0.000
236.556 34.764 117.269 0.479 0.453 0.520 0.542 50.000 0.000 582.038661 0 0.000
184.565 32.953 686.463 0.479 0.448 0.521 0.547 50.000 0.000 593.470004 0 0.000
183.678 32.941 704.511 0.471 0.455 0.522 0.547 50.000 0.000 593.831384 0 0.000
183.249 32.488 730.429 0.468 0.462 0.522 0.543 50.000 0.000 594.349909 0 0.000
182.971 32.068 765.729 0.460 0.477 0.503 0.554 50.000 0.000 595.055968 0 0.000
182.780 28.945 782.008 0.480 0.465 0.499 0.552 50.000 0.000 595.387517 0 0.000
180.465 30.247 809.342 0.496 0.454 0.479 0.564 50.000 0.000 595.936763 0 0.000
175.380 26.025 842.598 0.499 0.453 0.438 0.595 50.000 0.000 596.614892 0 0.000
168.801 23.049 869.136 0.522 0.434 0.412 0.608 50.000 0.000 597.164951 0 0.000
157.575 18.728 901.812 0.557 0.403 0.394 0.610 50.000 0.000 597.861343 0 0.000
141.946 18.084 936.032 0.590 0.373 0.376 0.610 50.000 0.000 598.613860 0 0.000
132.574 17.515 953.200 0.598 0.359 0.355 0.623 50.000 0.000 599.005223 0 0.000
122.300 16.780 970.089 0.579 0.359 0.322 0.657 50.000 0.000 599.400849 0 0.000
105.623 11.506 994.489 0.592 0.343 0.309 0.660 50.000 0.000 600.001281 0 0.000
94.067 11.523 1009.971 0.631 0.318 0.316 0.633 50.000 0.000 600.387672 0 0.000
76.919 11.312 1031.951 0.620 0.320 0.304 0.648 50.000 0.000 600.945255 0 0.000
66.125 9.491 1045.736 0.593 0.333 0.292 0.672 50.000 0.000 601.297303 0 0.000
56.149 7.005 1058.744 0.647 0.310 0.324 0.617 50.000 0.000 601.628913 0 0.000
45.304 11.147 1073.478 0.683 0.293 0.345 0.574 50.000 0.000 602.004064 0 0.000
33.034 13.762 1090.394 0.628 0.325 0.318 0.632 50.000 0.000 602.425272 0 0.000
20.153 10.713 1108.090 0.586 0.344 0.297 0.671 50.000 0.000 602.867254 0 0.000
20.597 41.778 1108.407 0.591 0.350 0.286 0.668 50.000 0.000 603.488657 0 0.000
33.538 44.792 1090.888 0.635 0.332 0.309 0.625 50.000 0.000 603.928403 0 0.000
45.708 41.909 1073.883 0.691 0.300 0.340 0.563 50.000 0.000 604.350578 0 0.000
56.422 37.391 1059.051 0.658 0.314 0.321 0.605 50.000 0.000 604.727512 0 0.000
66.357 39.458 1046.008 0.604 0.335 0.292 0.661 50.000 0.000 605.058037 0 0.000
77.097 40.763 1032.181 0.632 0.320 0.307 0.636 50.000 0.000 605.409166 0 0.000
94.106 40.060 1010.109 0.642 0.315 0.321 0.622 50.000 0.000 605.966652 0 0.000
105.522 39.399 994.546 0.601 0.339 0.318 0.650 50.000 0.000 606.352887 0 0.000
121.898 43.774 969.999 0.584 0.354 0.336 0.649 50.000 0.000 606.949518 0 0.000
131.968 43.987 953.026 0.599 0.351 0.370 0.617 50.000 0.000 607.344248 0 0.000
141.126 44.101 935.780 0.587 0.363 0.394 0.607 50.000 0.000 607.734791 0 0.000
156.319 44.034 901.430 0.550 0.389 0.415 0.612 50.000 0.000 608.485994 0 0.000
166.842 47.848 868.562 0.507 0.417 0.437 0.614 50.000 0.000 609.180423 0 0.000
172.815 50.489 841.882 0.479 0.434 0.466 0.604 50.000 0.000 609.729771 0 0.000
177.061 54.297 808.441 0.472 0.431 0.509 0.577 50.000 0.000 610.408242 0 0.000
179.131 52.736 781.086 0.452 0.440 0.529 0.569 50.000 0.000 610.957790 0 0.000
178.803 55.669 764.695 0.427 0.451 0.533 0.574 50.000 0.000 611.290898 0 0.000
178.598 55.926 729.334 0.434 0.433 0.551 0.566 50.000 0.000 611.998143 0 0.000
178.717 56.416 703.390 0.434 0.424 0.550 0.574 50.000 0.000 612.517115 0 0.000
179.550 56.562 685.368 0.443 0.414 0.549 0.575 50.000 0.000 612.877953 0 0.000
231.108 64.153 117.149 0.444 0.419 0.549 0.571 50.000 0.000 624.290024 0 0.000
231.031 64.726 81.265 0.435 0.431 0.554 0.565 50.000 0.000 625.007807 0 0.000
231.033 64.719 0.000 0.436 0.436 0.557 0.557 50.000 0.000 626.633103 0 0.000
221.740 93.121 0.000 0.399 0.398 0.584 0.584 50.000 0.000 627.230771 0 0.000
221.737 93.131 81.111 0.399 0.396 0.579 0.590 50.000 0.000 628.852995 0 0.000
221.890 92.585 116.910 0.407 0.384 0.575 0.596 50.000 0.000 629.569054 0 0.000
171.602 79.308 683.593 0.406 0.379 0.576 0.600 50.000 0.000 640.950355 0 0.000
170.893 79.054 701.584 0.394 0.391 0.578 0.597 50.000 0.000 641.310496 0 0.000
171.191 78.600 727.549 0.395 0.403 0.581 0.586 50.000 0.000 641.829913 0 0.000
172.119 78.644 762.994 0.391 0.425 0.565 0.589 50.000 0.000 642.539057 0 0.000
173.077 75.996 779.511 0.420 0.414 0.560 0.582 50.000 0.000 642.874158 0 0.000
171.467 77.901 806.915 0.444 0.408 0.540 0.588 50.000 0.000 643.424496 0 0.000
168.392 74.661 840.593 0.455 0.415 0.497 0.611 50.000 0.000 644.103963 0 0.000
163.309 72.455 867.463 0.489 0.402 0.467 0.617 50.000 0.000 644.652671 0 0.000
153.844 69.239 900.595 0.538 0.377 0.441 0.612 50.000 0.000 645.344814 0 0.000
139.513 70.075 935.195 0.581 0.353 0.416 0.604 50.000 0.000 646.094006 0 0.000
130.783 70.436 952.592 0.598 0.344 0.389 0.611 50.000 0.000 646.483370 0 0.000
121.135 70.760 969.737 0.587 0.351 0.352 0.639 50.000 0.000 646.876873 0 0.000
105.321 67.292 994.553 0.606 0.339 0.332 0.638 50.000 0.000 647.469479 0 0.000
94.237 68.596 1010.298 0.649 0.317 0.332 0.607 50.000 0.000 647.855468 0 0.000
77.621 70.207 1032.612 0.641 0.324 0.313 0.621 50.000 0.000 648.412835 0 0.000
67.087 69.412 1046.582 0.614 0.341 0.294 0.648 50.000 0.000 648.763106 0 0.000
57.282 67.760 1059.728 0.666 0.321 0.321 0.592 50.000 0.000 649.092770 0 0.000
46.845 72.642 1074.770 0.697 0.308 0.338 0.552 50.000 0.000 649.471730 0 0.000
34.804 75.788 1091.908 0.640 0.339 0.303 0.619 50.000 0.000 649.895336 0 0.000
21.743 72.817 1109.223 0.597 0.355 0.276 0.665 50.000 0.000 650.333158 0 0.000
23.548 103.808 1110.508 0.604 0.356 0.262 0.663 50.000 0.000 650.954561 0 0.000
36.822 106.722 1093.447 0.647 0.346 0.296 0.612 50.000 0.000 651.390814 0 0.000
48.670 103.326 1076.107 0.703 0.317 0.337 0.541 50.000 0.000 651.816289 0 0.000
58.762 98.094 1060.794 0.673 0.330 0.324 0.578 50.000 0.000 652.197707 0 0.000
68.350 99.341 1047.479 0.622 0.349 0.299 0.633 50.000 0.000 652.526812 0 0.000
78.534 99.638 1033.272 0.648 0.330 0.324 0.606 50.000 0.000 652.876467 0 0.000
94.438 97.131 1010.525 0.654 0.320 0.346 0.592 50.000 0.000 653.433835 0 0.000
105.047 95.185 994.520 0.610 0.340 0.349 0.625 50.000 0.000 653.819834 0 0.000
119.955 97.728 969.275 0.587 0.350 0.373 0.628 50.000 0.000 654.408406 0 0.000
129.002 96.847 951.892 0.593 0.340 0.413 0.601 50.000 0.000 654.800735 0 0.000
137.077 95.974 934.264 0.571 0.346 0.443 0.598 50.000 0.000 655.188904 0 0.000
150.114 94.269 899.294 0.522 0.367 0.472 0.609 50.000 0.000 655.936106 0 0.000
158.131 96.739 865.816 0.467 0.389 0.499 0.617 50.000 0.000 656.626373 0 0.000
162.073 98.370 838.719 0.428 0.398 0.531 0.614 50.000 0.000 657.174993 0 0.000
163.701 100.832 804.767 0.412 0.385 0.573 0.595 50.000 0.000 657.856595 0 0.000
164.650 98.450 777.290 0.384 0.388 0.593 0.592 50.000 0.000 658.408528 0 0.000
162.960 100.690 760.638 0.352 0.398 0.596 0.601 50.000 0.000 658.746254 0 0.000
161.109 100.152 725.094 0.354 0.373 0.610 0.603 50.000 0.000 659.458168 0 0.000
160.285 100.463 699.110 0.353 0.357 0.604 0.619 50.000 0.000 659.978147 0 0.000
160.854 100.811 681.168 0.366 0.341 0.600 0.624 50.000 0.000 660.337249 0 0.000
209.311 119.696 116.562 0.368 0.346 0.600 0.621 50.000 0.000 671.677172 0 0.000
209.057 120.192 80.881 0.360 0.358 0.604 0.614 50.000 0.000 672.390869 0 0.000
209.063 120.181 -0.000 0.361 0.361 0.608 0.608 50.000 0.000 674.008496 0 0.000
193.009 145.385 -0.000 0.323 0.322 0.629 0.629 50.000 0.000 674.606156 0 0.000
193.001 145.398 80.574 0.322 0.321 0.625 0.635 50.000 0.000 676.217646 0 0.000
193.325 144.947 116.103 0.329 0.309 0.620 0.642 50.000 0.000 676.928310 0 0.000
147.486 120.708 678.133 0.325 0.302 0.621 0.646 50.000 0.000 688.216644 0 0.000
147.059 120.270 696.008 0.308 0.320 0.628 0.639 50.000 0.000 688.574341 0 0.000
148.415 120.177 721.984 0.307 0.337 0.639 0.620 50.000 0.000 689.094580 0 0.000
151.215 121.372 757.595 0.304 0.364 0.631 0.614 50.000 0.000 689.809390 0 0.000
153.776 119.736 774.401 0.338 0.355 0.630 0.602 50.000 0.000 690.150980 0 0.000
153.603 122.747 801.951 0.368 0.355 0.613 0.602 50.000 0.000 690.705258 0 0.000
153.793 121.406 836.239 0.390 0.376 0.572 0.616 50.000 0.000 691.391555 0 0.000
151.288 120.560 863.614 0.438 0.374 0.538 0.616 50.000 0.000 691.941602 0 0.000
145.074 119.038 897.508 0.502 0.357 0.507 0.603 50.000 0.000 692.631446 0 0.000
133.748 121.758 932.960 0.557 0.341 0.475 0.590 50.000 0.000 693.377778 0 0.000
126.549 123.193 950.891 0.585 0.339 0.442 0.590 50.000 0.000 693.765291 0 0.000
118.381 124.672 968.626 0.583 0.353 0.399 0.613 50.000 0.000 694.156919 0 0.000
104.652 123.075 994.425 0.610 0.346 0.372 0.608 50.000 0.000 694.742289 0 0.000
94.763 125.665 1010.820 0.656 0.327 0.365 0.574 50.000 0.000 695.128712 0 0.000
79.826 129.048 1034.153 0.653 0.339 0.337 0.588 50.000 0.000 695.686911 0 0.000
70.108 129.234 1048.677 0.628 0.359 0.309 0.617 50.000 0.000 696.036443 0 0.000
60.895 128.372 1062.271 0.677 0.340 0.330 0.564 50.000 0.000 696.365332 0 0.000
51.218 133.934 1077.918 0.707 0.325 0.338 0.530 50.000 0.000 696.749727 0 0.000
39.571 137.572 1095.489 0.652 0.352 0.290 0.606 50.000 0.000 697.177567 0 0.000
26.058 134.725 1112.294 0.609 0.356 0.254 0.662 50.000 0.000 697.612603 0 0.000
29.225 165.551 1114.547 0.620 0.352 0.233 0.662 50.000 0.000 698.234004 0 0.000
43.092 168.302 1098.063 0.658 0.359 0.281 0.599 50.000 0.000 698.668321 0 0.000
54.455 164.446 1080.180 0.710 0.337 0.339 0.517 50.000 0.000 699.099029 0 0.000
63.600 158.584 1064.108 0.680 0.351 0.337 0.548 50.000 0.000 699.487007 0 0.000
72.333 159.084 1050.159 0.631 0.372 0.322 0.600 50.000 0.000 699.816304 0 0.000
81.361 158.442 1035.176 0.652 0.348 0.359 0.570 50.000 0.000 700.166393 0 0.000
95.101 154.198 1011.123 0.651 0.330 0.394 0.558 50.000 0.000 700.726875 0 0.000
104.059 150.960 994.227 0.601 0.345 0.408 0.594 50.000 0.000 701.114802 0 0.000
115.925 151.530 967.555 0.565 0.345 0.445 0.603 50.000 0.000 701.698748 0 0.000
122.935 149.373 949.370 0.559 0.324 0.492 0.583 50.000 0.000 702.090921 0 0.000
128.940 147.256 931.034 0.524 0.321 0.527 0.587 50.000 0.000 702.479129 0 0.000
137.951 143.198 894.946 0.459 0.329 0.562 0.604 50.000 0.000 703.227456 0 0.000
141.553 143.206 860.446 0.385 0.340 0.594 0.619 50.000 0.000 703.921216 0 0.000
142.214 142.804 832.738 0.332 0.338 0.625 0.620 50.000 0.000 704.475579 0 0.000
140.108 142.575 798.160 0.310 0.314 0.658 0.610 50.000 0.000 705.168440 0 0.000
139.697 138.889 770.638 0.283 0.313 0.668 0.613 50.000 0.000 705.723857 0 0.000
136.369 139.791 753.726 0.251 0.324 0.663 0.626 50.000 0.000 706.069051 0 0.000
132.969 138.030 718.181 0.258 0.297 0.663 0.637 50.000 0.000 706.784069 0 0.000
131.362 138.070 692.309 0.262 0.281 0.647 0.658 50.000 0.000 707.302498 0 0.000
131.786 138.721 674.555 0.284 0.260 0.638 0.667 50.000 0.000 707.657934 0 0.000
174.368 168.046 115.547 0.287 0.267 0.639 0.662 50.000 0.000 718.885795 0 0.000
173.982 168.446 80.199 0.279 0.279 0.645 0.654 50.000 0.000 719.592847 0 0.000
173.993 168.435 -0.000 0.281 0.281 0.649 0.649 50.000 0.000 721.196831 0 0.000
152.184 188.864 -0.000 0.242 0.241 0.664 0.665 50.000 0.000 721.794487 0 0.000
152.172 188.875 79.758 0.240 0.241 0.661 0.669 50.000 0.000 723.389655 0 0.000
152.599 188.517 114.898 0.246 0.228 0.656 0.676 50.000 0.000 724.092542 0 0.000
114.038 154.607 670.498 0.241 0.219 0.653 0.683 50.000 0.000 735.251884 0 0.000
113.566 153.647 688.104 0.217 0.240 0.661 0.677 50.000 0.000 735.604669 0 0.000
115.265 153.506 713.808 0.211 0.257 0.680 0.653 50.000 0.000 736.119882 0 0.000
118.938 155.609 749.168 0.201 0.284 0.687 0.638 50.000 0.000 736.832112 0 0.000
122.754 155.374 766.090 0.230 0.271 0.698 0.622 50.000 0.000 737.179090 0 0.000
123.452 159.611 793.459 0.254 0.271 0.695 0.616 50.000 0.000 737.733172 0 0.000
127.059 161.598 828.129 0.273 0.297 0.672 0.621 50.000 0.000 738.431436 0 0.000
128.066 163.605 856.022 0.325 0.302 0.651 0.616 50.000 0.000 738.991101 0 0.000
127.150 165.745 891.015 0.402 0.296 0.625 0.600 50.000 0.000 739.692520 0 0.000
121.026 171.820 927.802 0.472 0.294 0.594 0.581 50.000 0.000 740.448208 0 0.000
116.693 174.947 946.671 0.514 0.304 0.560 0.574 50.000 0.000 740.840438 0 0.000
111.414 178.054 965.503 0.531 0.335 0.508 0.590 50.000 0.000 741.236491 0 0.000
102.257 178.780 993.396 0.578 0.343 0.462 0.579 50.000 0.000 741.823833 0 0.000
94.702 182.730 1011.021 0.636 0.334 0.436 0.542 50.000 0.000 742.215397 0 0.000
82.879 187.838 1036.189 0.643 0.356 0.392 0.553 50.000 0.000 742.780839 0 0.000
74.858 188.900 1051.822 0.627 0.384 0.345 0.583 50.000 0.000 743.132903 0 0.000
66.851 188.720 1066.288 0.678 0.363 0.353 0.533 50.000 0.000 743.463592 0 0.000
58.430 194.831 1082.926 0.710 0.348 0.345 0.505 50.000 0.000 743.856071 0 0.000
47.423 198.877 1101.195 0.664 0.365 0.275 0.592 50.000 0.000 744.290249 0 0.000
33.105 196.254 1117.300 0.627 0.346 0.220 0.662 50.000 0.000 744.724405 0 0.000
37.642 226.821 1120.533 0.632 0.338 0.213 0.664 50.000 0.000 745.345807 0 0.000
52.494 229.281 1104.837 0.659 0.361 0.291 0.592 50.000 0.000 745.780767 0 0.000
63.087 225.076 1086.119 0.698 0.348 0.373 0.502 50.000 0.000 746.219075 0 0.000
70.641 218.766 1068.807 0.663 0.370 0.386 0.524 50.000 0.000 746.617366 0 0.000
77.647 218.683 1053.647 0.605 0.389 0.395 0.572 50.000 0.000 746.951381 0 0.000
84.261 217.239 1037.123 0.607 0.350 0.460 0.545 50.000 0.000 747.308520 0 0.000
93.425 211.226 1010.437 0.588 0.319 0.514 0.536 50.000 0.000 747.885509 0 0.000
98.970 206.423 991.790 0.523 0.326 0.545 0.568 50.000 0.000 748.286260 0 0.000
104.209 203.811 962.162 0.465 0.311 0.595 0.577 50.000 0.000 748.890278 0 0.000
107.259 199.294 942.541 0.443 0.272 0.641 0.564 50.000 0.000 749.297552 0 0.000
109.623 194.696 923.101 0.403 0.258 0.667 0.572 50.000 0.000 749.699856 0 0.000
112.702 185.832 885.724 0.336 0.259 0.688 0.589 50.000 0.000 750.470599 0 0.000
111.272 181.078 850.488 0.267 0.266 0.700 0.607 50.000 0.000 751.182281 0 0.000
109.080 177.450 822.640 0.220 0.261 0.710 0.617 50.000 0.000 751.745654 0 0.000
104.518 173.858 788.101 0.206 0.233 0.721 0.619 50.000 0.000 752.446139 0 0.000
103.714 169.199 760.966 0.184 0.232 0.718 0.629 50.000 0.000 752.997016 0 0.000
99.619 168.885 744.103 0.154 0.244 0.705 0.648 50.000 0.000 753.344126 0 0.000
95.810 166.559 708.993 0.163 0.215 0.693 0.668 50.000 0.000 754.051989 0 0.000
94.029 166.832 683.477 0.172 0.198 0.671 0.693 50.000 0.000 754.563568 0 0.000
94.498 168.096 666.020 0.198 0.177 0.664 0.699 50.000 0.000 754.913754 0 0.000
128.489 206.165 114.170 0.201 0.185 0.670 0.690 50.000 0.000 765.997843 0 0.000
128.013 206.459 79.261 0.195 0.196 0.676 0.683 50.000 0.000 766.696113 0 0.000
128.027 206.450 0.000 0.197 0.197 0.679 0.679 50.000 0.000 768.281340 0 0.000
101.829 220.825 0.000 0.157 0.157 0.689 0.690 50.000 0.000 768.878992 0 0.000
101.816 220.831 78.714 0.154 0.156 0.687 0.693 50.000 0.000 770.453277 0 0.000
102.323 220.588 113.372 0.159 0.145 0.681 0.700 50.000 0.000 771.146524 0 0.000
73.489 179.007 661.196 0.154 0.134 0.673 0.711 50.000 0.000 782.149645 0 0.000
73.106 177.542 678.513 0.128 0.157 0.677 0.708 50.000 0.000 782.497298 0 0.000
74.794 176.743 703.780 0.121 0.178 0.700 0.681 50.000 0.000 783.004016 0 0.000
78.645 179.142 738.593 0.113 0.210 0.719 0.653 50.000 0.000 783.706178 0 0.000
82.976 180.089 755.373 0.145 0.200 0.736 0.630 50.000 0.000 784.053274 0 0.000
84.004 185.527 782.285 0.169 0.204 0.743 0.614 50.000 0.000 784.602778 0 0.000
89.337 190.836 816.602 0.182 0.234 0.737 0.607 50.000 0.000 785.305430 0 0.000
92.332 195.939 844.233 0.219 0.233 0.735 0.598 50.000 0.000 785.870578 0 0.000
95.065 202.780 879.240 0.272 0.216 0.734 0.584 50.000 0.000 786.586061 0 0.000
93.191 213.583 916.279 0.318 0.199 0.730 0.572 50.000 0.000 787.358609 0 0.000
91.632 219.365 935.626 0.344 0.200 0.719 0.570 50.000 0.000 787.763658 0 0.000
89.523 225.163 955.234 0.350 0.230 0.696 0.584 50.000 0.000 788.174786 0 0.000
87.632 230.877 985.968 0.388 0.231 0.675 0.583 50.000 0.000 788.801126 0 0.000
83.413 236.970 1005.045 0.444 0.208 0.663 0.566 50.000 0.000 789.210450 0 0.000
76.766 244.911 1032.857 0.458 0.239 0.630 0.580 50.000 0.000 789.803993 0 0.000
72.988 247.696 1050.943 0.460 0.288 0.582 0.605 50.000 0.000 790.177698 0 0.000
69.077 248.726 1067.956 0.532 0.266 0.565 0.572 50.000 0.000 790.527440 0 0.000
62.107 255.518 1085.615 0.585 0.253 0.540 0.550 50.000 0.000 790.930706 0 0.000
53.611 260.156 1105.754 0.567 0.315 0.451 0.613 50.000 0.000 791.377585 0 0.000
42.403 257.301 1124.232 0.565 0.355 0.340 0.663 50.000 0.000 791.813581 0 0.000
35.499 285.664 1119.435 0.338 0.180 0.604 0.699 50.000 0.000 792.405232 0 0.000
40.350 285.468 1096.726 0.341 0.135 0.668 0.648 50.000 0.000 792.869680 0 0.000
47.194 279.798 1075.946 0.382 0.085 0.705 0.592 50.000 0.000 793.321684 0 0.000
53.924 272.728 1058.528 0.353 0.128 0.711 0.595 50.000 0.000 793.721012 0 0.000
55.658 269.291 1040.511 0.301 0.169 0.714 0.609 50.000 0.000 794.089493 0 0.000
58.141 264.559 1022.046 0.318 0.127 0.733 0.588 50.000 0.000 794.473947 0 0.000
64.262 255.066 994.605 0.324 0.107 0.744 0.575 50.000 0.000 795.067445 0 0.000
68.404 248.220 975.998 0.282 0.146 0.746 0.585 50.000 0.000 795.472538 0 0.000
69.477 240.390 945.727 0.258 0.156 0.753 0.585 50.000 0.000 796.098251 0 0.000
71.569 234.050 926.706 0.264 0.135 0.763 0.574 50.000 0.000 796.501411 0 0.000
73.163 227.870 907.932 0.249 0.144 0.766 0.575 50.000 0.000 796.897990 0 0.000
74.994 216.311 871.843 0.214 0.171 0.764 0.584 50.000 0.000 797.656790 0 0.000
71.794 208.206 837.437 0.168 0.196 0.761 0.595 50.000 0.000 798.366625 0 0.000
68.411 202.063 810.192 0.135 0.198 0.760 0.604 50.000 0.000 798.929281 0 0.000
62.627 195.349 776.216 0.126 0.171 0.762 0.611 50.000 0.000 799.631540 0 0.000
61.489 189.293 749.572 0.104 0.167 0.753 0.628 50.000 0.000 800.178494 0 0.000
56.960 187.661 732.891 0.070 0.174 0.733 0.654 50.000 0.000 800.525731 0 0.000
52.905 184.704 698.343 0.075 0.137 0.709 0.688 50.000 0.000 801.223944 0 0.000
51.117 185.681 673.287 0.082 0.113 0.681 0.719 50.000 0.000 801.726717 0 0.000
51.354 187.247 656.105 0.108 0.090 0.678 0.721 50.000 0.000 802.071806 0 0.000
74.581 231.675 112.518 0.112 0.099 0.690 0.709 50.000 0.000 812.989686 0 0.000
74.041 231.844 78.127 0.107 0.110 0.696 0.701 50.000 0.000 813.677605 0 0.000
74.053 231.840 -0.000 0.110 0.109 0.698 0.699 50.000 0.000 815.240142 0 0.000
45.106 239.260 -0.000 0.070 0.069 0.703 0.704 50.000 0.000 815.837792 0 0.000
45.097 239.262 77.508 0.067 0.070 0.702 0.706 50.000 0.000 817.387945 0 0.000
45.656 239.151 111.620 0.071 0.059 0.695 0.713 50.000 0.000 818.070298 0 0.000
28.396 192.615 650.817 0.065 0.049 0.682 0.727 50.000 0.000 828.899811 0 0.000
28.341 191.061 667.866 0.037 0.071 0.684 0.725 50.000 0.000 829.242206 0 0.000
30.189 189.628 692.691 0.024 0.092 0.711 0.696 50.000 0.000 829.740920 0 0.000
34.270 192.581 726.913 0.012 0.124 0.742 0.659 50.000 0.000 830.432722 0 0.000
38.912 194.952 743.465 0.040 0.114 0.765 0.633 50.000 0.000 830.779790 0 0.000
39.973 201.219 769.773 0.058 0.117 0.778 0.615 50.000 0.000 831.321091 0 0.000
45.994 209.399 803.312 0.067 0.147 0.782 0.602 50.000 0.000 832.021964 0 0.000
49.615 216.663 830.084 0.103 0.147 0.785 0.593 50.000 0.000 832.581463 0 0.000
53.088 226.066 863.752 0.154 0.124 0.788 0.584 50.000 0.000 833.284039 0 0.000
51.078 238.043 898.709 0.196 0.098 0.788 0.576 50.000 0.000 834.024170 0 0.000
49.309 244.357 916.789 0.215 0.089 0.785 0.574 50.000 0.000 834.408807 0 0.000
46.970 250.731 935.025 0.209 0.109 0.777 0.584 50.000 0.000 834.797999 0 0.000
45.613 259.020 964.141 0.228 0.094 0.772 0.586 50.000 0.000 835.404058 0 0.000
41.035 265.640 981.896 0.264 0.045 0.771 0.578 50.000 0.000 835.793935 0 0.000
34.325 274.825 1008.160 0.247 0.060 0.765 0.591 50.000 0.000 836.366364 0 0.000
31.692 279.724 1025.999 0.214 0.095 0.756 0.611 50.000 0.000 836.740084 0 0.000
30.074 283.722 1043.571 0.251 0.039 0.754 0.605 50.000 0.000 837.101959 0 0.000
22.870 289.552 1060.039 0.276 -0.011 0.744 0.609 50.000 0.000 837.479902 0 0.000
15.932 294.399 1079.923 0.222 0.030 0.721 0.656 50.000 0.000 837.912092 0 0.000
11.955 295.715 1102.259 0.184 0.049 0.686 0.702 50.000 0.000 838.366613 0 0.000
-12.335 303.747 1084.626 0.171 0.048 0.697 0.695 50.000 0.000 838.988036 0 0.000
-8.753 302.490 1062.932 0.216 0.027 0.724 0.655 50.000 0.000 839.428506 0 0.000
-1.904 297.934 1043.832 0.274 -0.020 0.744 0.609 50.000 0.000 839.844442 0 0.000
5.398 292.365 1028.083 0.246 0.026 0.757 0.605 50.000 0.000 840.209049 0 0.000
7.179 288.483 1011.148 0.208 0.080 0.761 0.609 50.000 0.000 840.558349 0 0.000
10.045 283.612 993.996 0.239 0.039 0.773 0.587 50.000 0.000 840.919537 0 0.000
17.171 274.236 968.829 0.248 0.018 0.782 0.571 50.000 0.000 841.475261 0 0.000
22.028 267.420 951.861 0.203 0.062 0.789 0.576 50.000 0.000 841.853653 0 0.000
23.558 258.195 923.882 0.174 0.074 0.798 0.573 50.000 0.000 842.443664 0 0.000
25.992 251.293 906.387 0.171 0.049 0.806 0.564 50.000 0.000 842.822951 0 0.000
27.828 244.444 888.984 0.143 0.055 0.810 0.567 50.000 0.000 843.198781 0 0.000
29.895 231.415 855.170 0.093 0.077 0.809 0.576 50.000 0.000 843.924711 0 0.000
26.294 220.347 822.336 0.037 0.098 0.804 0.586 50.000 0.000 844.621436 0 0.000
22.636 212.022 796.128 0.002 0.097 0.796 0.597 50.000 0.000 845.176238 0 0.000
16.665 202.705 763.130 -0.004 0.068 0.785 0.616 50.000 0.000 845.872332 0 0.000
15.735 196.683 737.184 -0.018 0.067 0.766 0.639 50.000 0.000 846.405364 0 0.000
11.122 194.010 720.804 -0.041 0.078 0.740 0.667 50.000 0.000 846.749885 0 0.000
7.069 191.776 686.931 -0.025 0.047 0.707 0.705 50.000 0.000 847.433628 0 0.000
5.103 193.575 662.326 -0.012 0.024 0.684 0.729 50.000 0.000 847.928602 0 0.000
4.982 195.137 645.415 0.016 0.003 0.683 0.730 50.000 0.000 848.268282 0 0.000
16.031 242.981 110.694 0.022 0.011 0.697 0.717 50.000 0.000 859.007688 0 0.000
15.456 243.011 76.867 0.018 0.021 0.705 0.709 50.000 0.000 859.684335 0 0.000
15.462 243.011 -0.000 0.021 0.021 0.707 0.707 50.000 0.000 861.221673 0 0.000
-14.420 243.011 -0.000 -0.019 -0.019 0.707 0.707 50.000 0.000 861.819322 0 0.000
-14.423 243.010 76.214 -0.023 -0.019 0.705 0.708 50.000 0.000 863.343610 0 0.000
-13.843 243.042 109.754 -0.019 -0.028 0.697 0.716 50.000 0.000 864.014495 0 0.000
-18.555 194.701 639.977 -0.026 -0.036 0.682 0.730 50.000 0.000 874.663358 0 0.000
-18.258 193.199 656.750 -0.053 -0.015 0.681 0.730 50.000 0.000 875.000218 0 0.000
-16.138 191.307 681.142 -0.070 0.005 0.699 0.712 50.000 0.000 875.491359 0 0.000
-12.025 192.510 714.687 -0.089 0.034 0.731 0.675 50.000 0.000 876.167704 0 0.000
-7.458 195.105 730.890 -0.072 0.024 0.759 0.647 50.000 0.000 876.508364 0 0.000
-6.595 200.454 756.489 -0.063 0.022 0.782 0.620 50.000 0.000 877.031700 0 0.000
-0.792 210.154 788.909 -0.062 0.049 0.800 0.594 50.000 0.000 877.718372 0 0.000
2.737 219.291 814.494 -0.027 0.050 0.815 0.576 50.000 0.000 878.266288 0 0.000
6.180 232.032 846.379 0.031 0.030 0.827 0.561 50.000 0.000 878.956451 0 0.000
3.935 246.614 878.975 0.089 0.011 0.832 0.547 50.000 0.000 879.672050 0 0.000
2.019 254.499 895.677 0.126 0.009 0.831 0.542 50.000 0.000 880.043427 0 0.000
-0.491 262.454 912.422 0.140 0.040 0.823 0.549 50.000 0.000 880.417583 0 0.000
-2.088 273.586 939.295 0.179 0.034 0.812 0.555 50.000 0.000 881.000198 0 0.000
-7.094 281.203 955.535 0.234 -0.007 0.800 0.553 50.000 0.000 881.372670 0 0.000
-14.460 291.514 979.696 0.233 0.021 0.786 0.572 50.000 0.000 881.918325 0 0.000
-17.439 296.824 996.231 0.206 0.069 0.770 0.599 50.000 0.000 882.270723 0 0.000
-19.305 300.905 1012.578 0.249 0.018 0.760 0.600 50.000 0.000 882.609756 0 0.000
-26.640 306.471 1027.649 0.277 -0.026 0.744 0.607 50.000 0.000 882.962984 0 0.000
-33.390 310.795 1045.976 0.213 0.027 0.723 0.657 50.000 0.000 883.363052 0 0.000
-36.619 311.784 1066.989 0.162 0.049 0.697 0.697 50.000 0.000 883.788695 0 0.000
-60.883 319.844 1049.333 0.145 0.042 0.698 0.700 50.000 0.000 884.410119 0 0.000
-57.975 319.325 1029.056 0.206 0.023 0.723 0.659 50.000 0.000 884.819921 0 0.000
-51.336 315.178 1011.494 0.278 -0.034 0.747 0.603 50.000 0.000 885.204485 0 0.000
-44.008 309.440 997.073 0.250 0.010 0.768 0.590 50.000 0.000 885.547757 0 0.000
-42.116 304.921 981.277 0.206 0.060 0.783 0.584 50.000 0.000 885.878511 0 0.000
-39.117 298.749 965.305 0.228 0.006 0.805 0.548 50.000 0.000 886.226179 0 0.000
-31.675 286.527 942.061 0.219 -0.029 0.824 0.522 50.000 0.000 886.772088 0 0.000
-26.579 277.392 926.523 0.156 0.006 0.840 0.519 50.000 0.000 887.146717 0 0.000
-24.825 263.154 900.813 0.105 0.006 0.853 0.511 50.000 0.000 887.735549 0 0.000
-22.102 253.466 884.886 0.079 -0.031 0.857 0.508 50.000 0.000 888.112348 0 0.000
-19.921 244.156 868.964 0.033 -0.033 0.853 0.520 50.000 0.000 888.483795 0 0.000
-17.217 227.866 837.689 -0.031 -0.016 0.840 0.542 50.000 0.000 889.191128 0 0.000
-20.292 213.941 806.815 -0.092 0.003 0.820 0.565 50.000 0.000 889.871307 0 0.000
-23.673 204.553 781.847 -0.123 0.004 0.797 0.591 50.000 0.000 890.409062 0 0.000
-29.387 195.104 749.974 -0.117 -0.020 0.771 0.626 50.000 0.000 891.083697 0 0.000
-30.329 190.812 724.675 -0.121 -0.017 0.745 0.655 50.000 0.000 891.597249 0 0.000
-34.890 188.492 708.637 -0.135 -0.008 0.719 0.682 50.000 0.000 891.933929 0 0.000
-39.149 188.195 675.395 -0.114 -0.036 0.688 0.715 50.000 0.000 892.604237 0 0.000
-41.411 189.975 651.216 -0.097 -0.057 0.675 0.729 50.000 0.000 893.091240 0 0.000
-41.879 191.432 634.580 -0.073 -0.079 0.678 0.727 50.000 0.000 893.425352 0 0.000
-43.489 239.375 108.813 -0.067 -0.075 0.694 0.713 50.000 0.000 903.984366 0 0.000
-44.063 239.260 75.561 -0.071 -0.067 0.702 0.705 50.000 0.000 904.649526 0 0.000
-44.064 239.260 -0.000 -0.068 -0.068 0.704 0.704 50.000 0.000 906.160738 0 0.000
-73.011 231.840 -0.000 -0.107 -0.107 0.699 0.699 50.000 0.000 906.758388 0 0.000
-73.007 231.842 74.916 -0.111 -0.107 0.697 0.700 50.000 0.000 908.256701 0 0.000
-72.444 232.018 107.888 -0.109 -0.114 0.689 0.708 50.000 0.000 908.916264 0 0.000
-64.617 185.184 629.311 -0.118 -0.120 0.672 0.721 50.000 0.000 919.387873 0 0.000
-63.990 183.812 645.810 -0.143 -0.101 0.669 0.722 50.000 0.000 919.719227 0 0.000
-61.646 182.335 669.769 -0.159 -0.081 0.680 0.711 50.000 0.000 920.201585 0 0.000
-57.284 182.255 702.706 -0.178 -0.050 0.707 0.683 50.000 0.000 920.866090 0 0.000
-52.739 184.402 718.579 -0.163 -0.052 0.731 0.661 50.000 0.000 921.199091 0 0.000
-51.639 187.660 743.606 -0.156 -0.050 0.758 0.632 50.000 0.000 921.704325 0 0.000
-45.841 196.343 774.996 -0.160 -0.021 0.788 0.594 50.000 0.000 922.365953 0 0.000
-42.485 205.468 799.404 -0.131 -0.023 0.817 0.561 50.000 0.000 922.891404 0 0.000
-39.716 219.774 829.320 -0.079 -0.050 0.844 0.529 50.000 0.000 923.556933 0 0.000
-42.935 236.923 859.290 -0.030 -0.078 0.863 0.498 50.000 0.000 924.250520 0 0.000
-45.460 246.996 874.417 -0.002 -0.086 0.874 0.479 50.000 0.000 924.617477 0 0.000
-48.559 257.715 889.467 0.007 -0.060 0.880 0.472 50.000 0.000 924.992181 0 0.000
-51.023 275.424 913.753 0.037 -0.072 0.876 0.476 50.000 0.000 925.595332 0 0.000
-56.389 285.894 928.490 0.073 -0.123 0.862 0.486 50.000 0.000 925.972483 0 0.000
-64.129 300.139 950.681 0.064 -0.103 0.851 0.511 50.000 0.000 926.522135 0 0.000
-67.213 308.344 966.048 0.043 -0.058 0.838 0.542 50.000 0.000 926.875961 0 0.000
-69.072 314.974 981.327 0.083 -0.117 0.812 0.566 50.000 0.000 927.211129 0 0.000
-76.434 319.868 995.056 0.096 -0.182 0.781 0.590 50.000 0.000 927.537710 0 0.000
-82.904 323.688 1011.880 0.029 -0.129 0.767 0.628 50.000 0.000 927.906214 0 0.000
-85.271 326.227 1031.479 0.006 -0.073 0.744 0.665 50.000 0.000 928.304300 0 0.000
-104.353 308.136 1017.141 -0.305 -0.321 0.707 0.551 50.000 0.000 928.903301 0 0.000
-102.173 304.620 998.497 -0.269 -0.353 0.705 0.554 50.000 0.000 929.285246 0 0.000
-97.592 303.530 981.106 -0.187 -0.374 0.717 0.558 50.000 0.000 929.645591 0 0.000
-91.779 301.848 966.981 -0.176 -0.282 0.781 0.528 50.000 0.000 929.952925 0 0.000
-89.702 294.781 952.329 -0.179 -0.194 0.826 0.498 50.000 0.000 930.280903 0 0.000
-86.586 286.882 937.490 -0.123 -0.207 0.841 0.485 50.000 0.000 930.622850 0 0.000
-79.007 274.046 916.024 -0.072 -0.203 0.857 0.467 50.000 0.000 931.145532 0 0.000
-73.577 264.237 901.933 -0.077 -0.135 0.878 0.453 50.000 0.000 931.505674 0 0.000
-70.512 246.138 878.947 -0.088 -0.113 0.880 0.453 50.000 0.000 932.093994 0 0.000
-67.265 235.675 864.624 -0.085 -0.133 0.870 0.467 50.000 0.000 932.454657 0 0.000
-64.645 225.892 850.150 -0.103 -0.121 0.857 0.489 50.000 0.000 932.807957 0 0.000
-61.351 209.355 821.263 -0.144 -0.089 0.835 0.523 50.000 0.000 933.476916 0 0.000
-64.049 195.371 792.197 -0.189 -0.060 0.806 0.557 50.000 0.000 934.124279 0 0.000
-67.453 186.665 768.312 -0.213 -0.060 0.775 0.592 50.000 0.000 934.637249 0 0.000
-73.241 178.400 737.418 -0.205 -0.091 0.742 0.632 50.000 0.000 935.287253 0 0.000
-74.437 175.780 712.670 -0.210 -0.095 0.716 0.660 50.000 0.000 935.785555 0 0.000
-78.881 173.528 696.978 -0.221 -0.094 0.695 0.678 50.000 0.000 936.114830 0 0.000
-83.306 173.756 664.343 -0.201 -0.123 0.672 0.703 50.000 0.000 936.773519 0 0.000
-85.709 174.970 640.603 -0.186 -0.143 0.661 0.713 50.000 0.000 937.251374 0 0.000
-86.486 176.250 624.236 -0.164 -0.162 0.663 0.713 50.000 0.000 937.580070 0 0.000
-100.244 221.085 106.993 -0.156 -0.161 0.679 0.699 50.000 0.000 947.967359 0 0.000
-100.780 220.828 74.290 -0.159 -0.154 0.688 0.691 50.000 0.000 948.621537 0 0.000
-100.787 220.825 0.000 -0.156 -0.155 0.690 0.690 50.000 0.000 950.107337 0 0.000
-126.985 206.450 0.000 -0.194 -0.194 0.680 0.680 50.000 0.000 950.704989 0 0.000
-126.977 206.455 73.693 -0.198 -0.193 0.679 0.680 50.000 0.000 952.178848 0 0.000
-126.468 206.769 106.142 -0.197 -0.199 0.669 0.688 50.000 0.000 952.827942 0 0.000
-107.075 164.548 619.449 -0.207 -0.202 0.652 0.701 50.000 0.000 963.136047 0 0.000
-106.166 163.377 635.689 -0.230 -0.186 0.650 0.700 50.000 0.000 963.462200 0 0.000
-103.746 162.437 659.215 -0.244 -0.168 0.660 0.691 50.000 0.000 963.935567 0 0.000
-99.429 162.423 691.521 -0.263 -0.137 0.682 0.668 50.000 0.000 964.587430 0 0.000
-95.177 164.911 707.014 -0.250 -0.134 0.702 0.654 50.000 0.000 964.912593 0 0.000
-93.936 167.104 731.483 -0.243 -0.123 0.727 0.630 50.000 0.000 965.404559 0 0.000
-88.149 174.985 761.905 -0.252 -0.089 0.761 0.591 50.000 0.000 966.043644 0 0.000
-84.676 183.279 785.296 -0.235 -0.088 0.791 0.558 50.000 0.000 966.544836 0 0.000
-81.895 196.654 813.604 -0.203 -0.120 0.818 0.525 50.000 0.000 967.173474 0 0.000
-84.820 211.850 841.642 -0.191 -0.164 0.832 0.495 50.000 0.000 967.813990 0 0.000
-86.964 220.459 855.759 -0.213 -0.186 0.835 0.472 50.000 0.000 968.147443 0 0.000
-89.425 229.348 869.859 -0.256 -0.184 0.838 0.445 50.000 0.000 968.484429 0 0.000
-91.962 245.970 892.261 -0.287 -0.226 0.825 0.432 50.000 0.000 969.044634 0 0.000
-96.062 253.675 906.577 -0.311 -0.313 0.780 0.443 50.000 0.000 969.379960 0 0.000
-101.450 263.532 928.697 -0.372 -0.332 0.746 0.440 50.000 0.000 969.876140 0 0.000
-103.800 270.239 943.659 -0.414 -0.331 0.725 0.439 50.000 0.000 970.207425 0 0.000
-105.371 276.460 958.316 -0.391 -0.410 0.663 0.490 50.000 0.000 970.527424 0 0.000
-108.138 275.742 974.063 -0.377 -0.481 0.587 0.532 50.000 0.000 970.847519 0 0.000
-110.045 275.222 992.927 -0.432 -0.450 0.589 0.513 50.000 0.000 971.226868 0 0.000
-110.613 278.151 1012.409 -0.464 -0.418 0.600 0.500 50.000 0.000 971.621036 0 0.000
-115.317 247.626 1009.025 -0.475 -0.435 0.593 0.483 50.000 0.000 972.242439 0 0.000
-114.185 244.607 989.927 -0.451 -0.469 0.571 0.501 50.000 0.000 972.629810 0 0.000
-112.306 245.396 971.191 -0.414 -0.505 0.548 0.523 50.000 0.000 973.006739 0 0.000
-110.252 246.661 955.112 -0.451 -0.447 0.607 0.478 50.000 0.000 973.331919 0 0.000
-109.078 240.939 940.325 -0.488 -0.372 0.664 0.426 50.000 0.000 973.649883 0 0.000
-107.664 234.999 924.941 -0.460 -0.373 0.675 0.440 50.000 0.000 973.980928 0 0.000
-104.863 227.013 901.635 -0.430 -0.358 0.695 0.451 50.000 0.000 974.476811 0 0.000
-103.025 221.100 886.386 -0.435 -0.283 0.735 0.436 50.000 0.000 974.805978 0 0.000
-103.053 207.070 863.272 -0.416 -0.244 0.750 0.453 50.000 0.000 975.346753 0 0.000
-102.591 200.375 848.697 -0.367 -0.247 0.753 0.488 50.000 0.000 975.667673 0 0.000
-102.077 193.878 834.344 -0.327 -0.223 0.764 0.510 50.000 0.000 975.982940 0 0.000
-101.167 181.912 806.409 -0.308 -0.174 0.771 0.530 50.000 0.000 976.591016 0 0.000
-104.413 169.675 778.686 -0.315 -0.138 0.758 0.554 50.000 0.000 977.200550 0 0.000
-107.911 161.699 755.780 -0.318 -0.140 0.735 0.582 50.000 0.000 977.690670 0 0.000
-113.307 153.552 725.919 -0.301 -0.174 0.704 0.619 50.000 0.000 978.319047 0 0.000
-114.471 151.507 701.743 -0.300 -0.182 0.682 0.642 50.000 0.000 978.804850 0 0.000
-118.467 148.739 686.454 -0.306 -0.182 0.665 0.656 50.000 0.000 979.125710 0 0.000
-122.676 148.614 654.456 -0.283 -0.209 0.646 0.678 50.000 0.000 979.771200 0 0.000
-125.123 149.348 631.127 -0.271 -0.225 0.637 0.686 50.000 0.000 980.240568 0 0.000
-126.153 150.406 615.004 -0.251 -0.242 0.638 0.687 50.000 0.000 980.564368 0 0.000
-150.673 189.257 105.349 -0.242 -0.243 0.654 0.674 50.000 0.000 990.798807 0 0.000
-151.134 188.871 73.135 -0.244 -0.239 0.664 0.666 50.000 0.000 991.443195 0 0.000
-151.142 188.864 -0.000 -0.241 -0.240 0.665 0.665 50.000 0.000 992.905893 0 0.000
-172.951 168.435 -0.000 -0.278 -0.278 0.650 0.650 50.000 0.000 993.503549 0 0.000
-172.943 168.443 72.623 -0.282 -0.277 0.649 0.650 50.000 0.000 994.956012 0 0.000
-172.524 168.876 104.624 -0.282 -0.281 0.639 0.658 50.000 0.000 995.596148 0 0.000
-143.312 133.877 610.996 -0.293 -0.281 0.622 0.670 50.000 0.000 1005.764552 0 0.000
-142.182 132.948 627.011 -0.313 -0.267 0.621 0.668 50.000 0.000 1006.086176 0 0.000
-139.790 132.474 650.143 -0.325 -0.252 0.628 0.661 50.000 0.000 1006.551380 0 0.000
-135.740 132.746 681.848 -0.347 -0.224 0.645 0.643 50.000 0.000 1007.190650 0 0.000
-131.883 135.567 696.976 -0.346 -0.225 0.655 0.633 50.000 0.000 1007.507947 0 0.000
-130.221 136.812 721.046 -0.363 -0.225 0.667 0.611 50.000 0.000 1007.991145 0 0.000
-124.621 144.474 750.583 -0.406 -0.206 0.684 0.570 50.000 0.000 1008.611620 0 0.000
-120.662 151.742 773.223 -0.430 -0.213 0.690 0.542 50.000 0.000 1009.093738 0 0.000
-116.242 162.479 800.755 -0.445 -0.252 0.680 0.525 50.000 0.000 1009.691336 0 0.000
-113.715 171.281 829.385 -0.469 -0.298 0.656 0.511 50.000 0.000 1010.292519 0 0.000
-112.352 176.283 844.244 -0.496 -0.313 0.647 0.487 50.000 0.000 1010.607255 0 0.000
-111.107 181.683 859.333 0.525 0.301 -0.659 -0.447 50.000 0.000 1010.928741 0 0.000
-109.561 194.255 882.867 0.517 0.327 -0.661 -0.435 50.000 0.000 1011.463284 0 0.000
-110.255 199.179 898.561 -0.486 -0.388 0.636 0.456 50.000 0.000 1011.792537 0 0.000
-112.056 206.005 922.248 -0.494 -0.396 0.635 0.442 50.000 0.000 1012.286871 0 0.000
-113.201 211.373 937.692 0.507 0.389 -0.639 -0.429 50.000 0.000 1012.614685 0 0.000
-114.248 216.652 952.464 -0.460 -0.458 0.588 0.482 50.000 0.000 1012.929114 0 0.000
-116.190 214.993 968.505 -0.415 -0.512 0.538 0.526 50.000 0.000 1013.253973 0 0.000
-118.137 213.954 987.056 -0.451 -0.474 0.568 0.499 50.000 0.000 1013.627610 0 0.000
-119.503 216.988 1005.998 -0.476 -0.440 0.593 0.477 50.000 0.000 1014.012260 0 0.000
-123.138 186.244 1003.362 -0.482 -0.448 0.588 0.470 50.000 0.000 1014.633667 0 0.000
-121.638 183.219 984.496 -0.455 -0.482 0.562 0.495 50.000 0.000 1015.016989 0 0.000
-119.664 184.518 966.087 -0.417 -0.521 0.527 0.526 50.000 0.000 1015.388178 0 0.000
-117.746 186.555 950.129 -0.463 -0.469 0.576 0.485 50.000 0.000 1015.712212 0 0.000
-116.666 181.689 935.458 0.513 0.400 -0.624 -0.433 50.000 0.000 1016.022099 0 0.000
-115.609 176.851 920.046 0.504 0.409 -0.613 -0.451 50.000 0.000 1016.345862 0 0.000
-114.335 171.034 896.206 0.504 0.403 -0.605 -0.466 50.000 0.000 1016.837318 0 0.000
-114.281 166.886 880.294 0.543 0.344 -0.622 -0.446 50.000 0.000 1017.166197 0 0.000
-116.940 155.481 856.450 0.555 0.317 -0.615 -0.461 50.000 0.000 1017.697477 0 0.000
-119.167 150.889 841.104 0.528 0.329 -0.599 -0.504 50.000 0.000 1018.020937 0 0.000
-121.588 146.702 825.998 0.507 0.315 -0.605 -0.527 50.000 0.000 1018.338155 0 0.000
-126.565 139.671 796.852 -0.495 -0.277 0.624 0.537 50.000 0.000 1018.946006 0 0.000
-133.045 130.569 769.037 -0.481 -0.242 0.638 0.550 50.000 0.000 1019.545511 0 0.000
-138.521 124.636 746.243 -0.451 -0.236 0.640 0.575 50.000 0.000 1020.029148 0 0.000
-145.182 118.152 716.725 -0.404 -0.258 0.632 0.609 50.000 0.000 1020.648084 0 0.000
-147.379 117.628 692.722 -0.386 -0.264 0.628 0.623 50.000 0.000 1021.130268 0 0.000
-150.974 114.675 677.774 -0.385 -0.264 0.624 0.627 50.000 0.000 1021.443377 0 0.000
-154.784 114.228 646.353 -0.361 -0.290 0.609 0.643 50.000 0.000 1022.076450 0 0.000
-157.151 114.516 623.388 -0.351 -0.304 0.603 0.649 50.000 0.000 1022.538217 0 0.000
-158.368 115.313 607.469 -0.334 -0.318 0.603 0.651 50.000 0.000 1022.857931 0 0.000
-191.608 145.885 103.982 -0.325 -0.322 0.619 0.638 50.000 0.000 1032.968096 0 0.000
-191.961 145.395 72.168 -0.325 -0.320 0.629 0.630 50.000 0.000 1033.604501 0 0.000
-191.967 145.385 0.000 -0.322 -0.321 0.630 0.630 50.000 0.000 1035.047856 0 0.000
-208.021 120.181 -0.000 -0.358 -0.357 0.610 0.610 50.000 0.000 1035.645517 0 0.000
-208.016 120.190 71.773 -0.361 -0.356 0.609 0.610 50.000 0.000 1037.080985 0 0.000
-207.716 120.714 103.430 -0.362 -0.358 0.599 0.617 50.000 0.000 1037.714236 0 0.000
-170.950 94.903 604.508 -0.374 -0.356 0.582 0.628 50.000 0.000 1047.775989 0 0.000
-169.664 94.242 620.347 -0.391 -0.344 0.581 0.625 50.000 0.000 1048.094086 0 0.000
-167.367 94.143 643.160 -0.401 -0.333 0.586 0.620 50.000 0.000 1048.552653 0 0.000
-163.835 94.730 674.321 -0.423 -0.306 0.601 0.605 50.000 0.000 1049.179977 0 0.000
-160.632 97.854 689.072 -0.423 -0.303 0.601 0.607 50.000 0.000 1049.488259 0 0.000
-158.080 97.896 712.988 -0.441 -0.293 0.599 0.601 50.000 0.000 1049.969298 0 0.000
-150.805 103.664 742.397 -0.488 -0.265 0.601 0.575 50.000 0.000 1050.586102 0 0.000
-144.181 108.640 765.263 0.517 0.265 -0.593 -0.558 50.000 0.000 1051.072504 0 0.000
-135.816 116.342 793.345 0.527 0.295 -0.576 -0.550 50.000 0.000 1051.678434 0 0.000
-128.715 121.858 822.923 0.532 0.328 -0.560 -0.543 50.000 0.000 1052.296732 0 0.000
-125.243 125.270 838.293 0.548 0.339 -0.559 -0.522 50.000 0.000 1052.619181 0 0.000
-122.103 129.107 853.887 0.572 0.328 -0.581 -0.477 50.000 0.000 1052.946451 0 0.000
-118.307 139.374 878.082 0.556 0.356 -0.592 -0.461 50.000 0.000 1053.477568 0 0.000
-117.782 142.778 894.197 0.513 0.415 -0.580 -0.478 50.000 0.000 1053.807152 0 0.000
-118.586 147.610 918.180 0.510 0.422 -0.594 -0.457 50.000 0.000 1054.296710 0 0.000
-119.568 151.922 933.566 0.516 0.413 -0.611 -0.436 50.000 0.000 1054.616876 0 0.000
-120.694 156.375 948.139 -0.464 -0.480 0.564 0.487 50.000 0.000 1054.922488 0 0.000
-122.591 153.959 964.028 0.418 0.530 -0.517 -0.526 50.000 0.000 1055.246142 0 0.000
-124.593 152.398 982.311 -0.458 -0.488 0.556 0.493 50.000 0.000 1055.615317 0 0.000
-126.194 155.404 1001.143 -0.486 -0.451 0.585 0.467 50.000 0.000 1055.998060 0 0.000
-128.688 124.487 999.332 -0.491 -0.457 0.580 0.462 50.000 0.000 1056.619466 0 0.000
-126.978 121.503 980.519 -0.462 -0.495 0.550 0.489 50.000 0.000 1057.001952 0 0.000
-124.978 123.332 962.322 0.420 0.540 -0.507 -0.525 50.000 0.000 1057.369907 0 0.000
-123.117 126.128 946.480 -0.464 -0.492 0.552 0.488 50.000 0.000 1057.693796 0 0.000
-121.933 122.087 931.999 0.518 0.426 -0.598 -0.439 50.000 0.000 1057.995414 0 0.000
-120.986 118.295 916.652 0.513 0.435 -0.576 -0.465 50.000 0.000 1058.312161 0 0.000
-120.579 114.428 892.546 0.520 0.427 -0.556 -0.489 50.000 0.000 1058.800515 0 0.000
-121.656 111.746 876.224 0.567 0.369 -0.563 -0.474 50.000 0.000 1059.132019 0 0.000
-126.468 102.555 851.704 0.586 0.341 -0.547 -0.491 50.000 0.000 1059.664509 0 0.000
-130.476 99.428 835.859 0.565 0.350 -0.520 -0.537 50.000 0.000 1059.997323 0 0.000
-134.850 96.702 820.262 0.554 0.341 -0.517 -0.557 50.000 0.000 1060.325847 0 0.000
-143.834 92.499 790.293 0.553 0.313 -0.533 -0.559 50.000 0.000 1060.957200 0 0.000
-153.612 85.841 762.053 0.547 0.291 -0.552 -0.559 50.000 0.000 1061.569553 0 0.000
-161.075 81.542 739.169 0.521 0.295 -0.564 -0.568 50.000 0.000 1062.058591 0 0.000
-168.565 76.189 709.934 -0.475 -0.328 0.567 0.587 50.000 0.000 1062.671581 0 0.000
-171.334 76.488 686.108 -0.456 -0.341 0.574 0.588 50.000 0.000 1063.151350 0 0.000
-174.103 73.235 671.549 -0.455 -0.343 0.579 0.583 50.000 0.000 1063.454807 0 0.000
-177.348 72.559 640.611 -0.433 -0.368 0.565 0.599 50.000 0.000 1064.077097 0 0.000
-179.598 72.509 617.917 -0.426 -0.378 0.560 0.603 50.000 0.000 1064.533201 0 0.000
-180.939 73.034 602.142 -0.412 -0.390 0.560 0.604 50.000 0.000 1064.850016 0 0.000
-220.475 93.690 102.980 -0.402 -0.396 0.575 0.593 50.000 0.000 1074.873040 0 0.000
-220.695 93.129 71.449 -0.401 -0.396 0.584 0.584 50.000 0.000 1075.503771 0 0.000
-220.698 93.121 0.000 -0.398 -0.397 0.585 0.585 50.000 0.000 1076.932760 0 0.000
-229.991 64.719 -0.000 -0.431 -0.431 0.560 0.560 50.000 0.000 1077.530428 0 0.000
-229.989 64.726 71.197 -0.435 -0.430 0.559 0.559 50.000 0.000 1078.954373 0 0.000
-229.829 65.304 102.635 -0.437 -0.431 0.550 0.567 50.000 0.000 1079.583247 0 0.000
-188.040 50.006 600.440 -0.450 -0.425 0.533 0.576 50.000 0.000 1089.579056 0 0.000
-186.656 49.618 616.171 -0.464 -0.416 0.532 0.574 50.000 0.000 1089.894980 0 0.000
-184.499 49.813 638.765 -0.470 -0.408 0.536 0.571 50.000 0.000 1090.348935 0 0.000
-181.460 50.496 669.542 -0.489 -0.383 0.552 0.557 50.000 0.000 1090.967611 0 0.000
-179.210 53.839 683.908 -0.488 -0.380 0.545 0.566 50.000 0.000 1091.266009 0 0.000
-176.315 53.273 707.657 0.506 0.364 -0.535 -0.570 50.000 0.000 1091.744645 0 0.000
-168.918 58.357 736.684 0.550 0.327 -0.529 -0.557 50.000 0.000 1092.352306 0 0.000
-161.002 62.222 759.520 0.572 0.316 -0.514 -0.556 50.000 0.000 1092.841844 0 0.000
-150.263 68.117 787.829 0.572 0.331 -0.496 -0.563 50.000 0.000 1093.458750 0 0.000
-139.766 71.232 818.112 0.567 0.354 -0.483 -0.565 50.000 0.000 1094.102782 0 0.000
-134.625 73.350 833.908 0.575 0.362 -0.488 -0.547 50.000 0.000 1094.437711 0 0.000
-129.890 75.833 849.970 0.595 0.354 -0.518 -0.502 50.000 0.000 1094.776278 0 0.000
-124.248 84.013 874.761 0.573 0.382 -0.539 -0.485 50.000 0.000 1095.310436 0 0.000
-122.731 86.002 891.248 0.523 0.439 -0.534 -0.498 50.000 0.000 1095.643953 0 0.000
-122.827 88.925 915.450 0.514 0.449 -0.559 -0.470 50.000 0.000 1096.131517 0 0.000
-123.747 92.199 930.767 0.519 0.439 -0.586 -0.441 50.000 0.000 1096.445323 0 0.000
-124.983 95.825 945.171 -0.464 -0.504 0.540 0.489 50.000 0.000 1096.743416 0 0.000
-126.817 92.649 960.976 0.420 0.550 -0.497 -0.524 50.000 0.000 1097.067909 0 0.000
-128.821 90.551 979.102 -0.465 -0.504 0.544 0.484 50.000 0.000 1097.435053 0 0.000
-130.614 93.508 997.933 -0.495 -0.466 0.576 0.454 50.000 0.000 1097.817958 0 0.000
-131.949 62.481 996.964 0.501 0.473 -0.570 -0.448 50.000 0.000 1098.439367 0 0.000
-130.075 59.554 978.091 -0.469 -0.511 0.537 0.481 50.000 0.000 1098.823180 0 0.000
-128.102 61.924 959.993 0.422 0.559 -0.486 -0.523 50.000 0.000 1099.190347 0 0.000
-126.328 65.482 944.189 -0.464 -0.516 0.528 0.489 50.000 0.000 1099.516267 0 0.000
-125.027 62.271 929.859 0.519 0.453 -0.574 -0.444 50.000 0.000 1099.811128 0 0.000
-124.099 59.514 914.580 0.514 0.463 -0.543 -0.476 50.000 0.000 1100.122194 0 0.000
-124.230 57.521 890.308 0.525 0.452 -0.514 -0.506 50.000 0.000 1100.609281 0 0.000
-126.089 56.202 873.689 0.577 0.396 -0.516 -0.494 50.000 0.000 1100.944768 0 0.000
-132.311 48.975 848.713 0.601 0.368 -0.494 -0.510 50.000 0.000 1101.479459 0 0.000
-137.574 47.075 832.494 0.582 0.376 -0.461 -0.554 50.000 0.000 1101.822610 0 0.000
-143.252 45.486 816.560 0.578 0.370 -0.454 -0.569 50.000 0.000 1102.162411 0 0.000
-154.784 43.251 786.071 0.588 0.352 -0.464 -0.561 50.000 0.000 1102.815879 0 0.000
-166.010 37.919 757.778 0.593 0.343 -0.481 -0.547 50.000 0.000 1103.433922 0 0.000
-174.000 34.345 735.046 0.575 0.359 -0.498 -0.541 50.000 0.000 1103.921095 0 0.000
-181.052 29.485 706.237 0.534 0.401 -0.503 -0.549 50.000 0.000 1104.522210 0 0.000
-184.056 30.293 682.526 0.517 0.418 -0.515 -0.541 50.000 0.000 1105.000478 0 0.000
-185.797 26.943 668.330 0.519 0.420 -0.524 -0.529 50.000 0.000 1105.294270 0 0.000
-188.703 26.295 637.652 -0.500 -0.441 0.509 0.545 50.000 0.000 1105.910711 0 0.000
-190.813 25.986 615.115 -0.495 -0.447 0.506 0.547 50.000 0.000 1106.363472 0 0.000
-192.227 26.235 599.410 -0.484 -0.456 0.507 0.548 50.000 0.000 1106.678883 0 0.000
-235.455 35.952 102.406 -0.473 -0.464 0.521 0.538 50.000 0.000 1116.658384 0 0.000
-235.529 35.358 71.025 -0.471 -0.465 0.530 0.530 50.000 0.000 1117.286108 0 0.000
-235.529 35.354 -0.000 -0.468 -0.467 0.530 0.531 50.000 0.000 1118.706613 0 0.000
